Time,PresentPositionID0,PresentCurrentID0,PresentPositionID1,PresentCurrentID1,PresentPositionID2,PresentCurrentID2
0,0,0,0,1,0,0
1,0,0,0,1,0,0
2,0,0,0,1,0,0
3,0,0,0,0,0,0
4,0,0,0,1,0,0
5,0,0,0,1,0,0
6,1,0,0,1,0,0
7,0,0,0,1,0,0
8,0,0,0,1,0,0
9,0,0,0,1,0,0
10,0,0,0,1,0,0
11,0,0,0,1,0,0
12,0,0,0,1,0,0
13,0,0,0,1,1,0
14,0,0,0,1,0,0
15,0,0,0,1,0,0
16,0,0,0,1,0,0
17,0,0,0,1,0,0
18,0,0,0,1,0,0
19,0,0,0,1,0,0
20,1,0,0,2,0,0
21,0,0,0,1,0,0
22,0,0,0,1,0,0
23,0,0,0,1,0,0
24,0,0,0,1,1,0
25,0,0,0,1,0,0
26,1,0,0,0,1,0
27,1,0,0,1,0,0
28,0,0,0,1,0,0
29,0,0,1,1,0,0
30,0,0,0,1,0,0
31,1,0,0,2,0,0
32,1,0,0,1,0,0
33,0,0,0,1,0,0
34,0,0,0,1,0,0
35,0,0,0,1,0,0
36,0,0,0,1,1,0
37,0,0,0,1,0,0
38,0,0,0,2,0,0
39,1,0,0,1,0,0
40,0,0,0,1,0,0
41,0,0,0,1,1,0
42,0,0,0,2,0,0
43,0,0,0,2,1,0
44,0,0,0,0,0,0
45,0,0,0,1,0,0
46,0,0,0,1,0,0
47,0,0,0,1,0,0
48,0,0,0,2,0,0
49,0,0,0,1,0,0
50,0,0,0,1,0,0
51,0,0,0,1,0,0
52,0,0,0,1,0,0
53,0,0,0,1,1,0
54,0,0,0,2,0,0
55,0,0,0,1,0,0
56,0,0,0,1,0,0
57,0,0,0,1,0,0
58,0,0,0,1,0,0
59,0,0,0,2,0,0
60,0,0,0,1,0,0
61,0,0,0,1,0,0
62,0,0,0,1,0,0
63,0,0,0,1,0,0
64,0,0,0,1,1,0
65,0,0,0,1,0,0
66,0,0,0,1,0,0
67,0,0,0,1,0,0
68,0,0,0,1,0,0
69,0,0,0,0,0,0
70,0,0,0,1,0,0
71,0,0,0,1,0,0
72,0,0,1,2,0,0
73,0,0,0,0,0,0
74,0,0,0,0,1,0
75,0,0,0,1,0,0
76,0,0,0,1,0,0
77,0,0,0,1,0,0
78,0,0,0,1,0,0
79,0,0,0,1,0,0
80,0,0,0,2,0,0
81,0,0,0,1,0,0
82,0,0,0,1,0,0
83,0,0,0,1,0,0
84,0,0,0,1,0,0
85,0,0,0,1,1,0
86,0,0,0,1,1,0
87,1,0,0,2,0,0
88,0,0,0,1,0,0
89,1,0,0,1,0,0
90,0,0,0,1,0,0
91,0,0,0,1,0,0
92,0,0,0,1,0,0
93,0,0,0,0,0,0
94,0,0,0,1,0,0
95,1,0,0,0,0,0
96,0,0,0,1,0,0
97,1,0,0,1,0,0
98,0,0,0,1,0,0
99,0,0,0,2,0,0
100,169,76,245,58,335,22
101,563,23,650,29,745,15
102,967,22,1060,24,1155,16
103,1370,21,1468,24,1567,12
104,1772,24,1876,29,1966,-165
105,2000,9,2000,0,2000,0
106,2000,0,2000,1,2000,0
107,2000,0,2000,2,2000,0
108,2000,0,2000,1,2000,0
109,2000,0,2000,1,2000,0
110,2000,0,2000,1,2000,0
111,2000,0,2000,2,2000,0
112,2001,0,2000,1,2000,0
113,2001,0,2000,1,2000,0
114,2000,0,2000,2,2000,0
115,2000,0,2000,1,2000,0
116,2000,0,2000,2,2000,0
117,2000,0,2000,2,2000,0
118,2000,0,2000,0,2000,0
119,2001,0,2000,1,2000,0
120,2000,0,2000,2,2000,0
121,2000,0,2000,2,2000,0
122,2001,0,2000,1,2000,0
123,2000,0,2000,0,2000,0
124,2000,0,2000,2,2000,0
125,2001,0,2000,1,2000,0
126,2001,0,2000,1,2000,0
127,2001,0,2000,1,2000,0
128,2000,0,2000,1,2000,0
129,2001,0,2000,1,2000,0
130,2000,0,2000,2,2000,0
131,2000,0,2000,1,2000,0
132,2000,0,2000,1,2000,0
133,2001,0,2000,2,2000,0
134,2000,0,2000,1,2000,0
135,2000,0,2000,0,2000,0
136,2000,0,2000,2,2000,0
137,2000,0,2000,1,2000,0
138,2000,0,2000,1,2000,0
139,2000,0,2000,1,2000,0
140,2000,0,2000,1,2000,0
141,2000,0,2000,2,2000,0
142,2000,0,2000,1,2000,0
143,2000,0,2000,1,2000,0
144,2001,0,2000,2,2000,0
145,2000,0,2000,1,2000,0
146,2000,0,2000,1,2000,0
147,2000,0,1999,1,2000,0
148,2000,0,2000,1,2000,0
149,2000,0,1999,1,2000,0
150,2000,0,2000,1,2000,0
151,2000,0,2000,2,2000,0
152,2000,0,2000,2,2000,0
153,2000,0,2000,1,2000,0
154,2000,0,1999,1,2000,0
155,2001,0,2000,1,2000,0
156,2000,0,2000,2,2000,0
157,2000,0,2000,1,2000,0
158,2000,0,2000,1,2000,0
159,2000,0,2000,0,2000,0
160,2000,0,2000,2,2000,0
161,2000,0,2000,1,2000,0
162,2000,0,2000,1,2000,0
163,2000,0,2000,1,2000,0
164,2000,0,2000,1,2000,0
165,2000,0,2000,2,2000,0
166,2000,0,2000,1,2000,0
167,2000,0,2000,1,2000,0
168,2000,0,2000,1,2000,0
169,2000,0,2000,1,2000,0
170,2000,0,2000,1,2000,0
171,2000,0,2000,1,2000,0
172,2000,0,2000,1,2000,0
173,2000,0,2000,1,2000,0
174,2000,0,2000,1,2000,0
175,2000,0,2000,1,2000,0
176,2000,0,2000,1,2000,0
177,2000,0,2000,1,2000,0
178,2000,0,2000,0,2000,0
179,2000,0,2000,1,2000,0
180,2000,0,1999,2,2000,0
181,2000,0,2000,1,2000,0
182,2001,0,2000,1,2000,0
183,2000,0,1999,1,2000,0
184,2000,0,2000,1,2000,0
185,2001,0,2000,1,2000,0
186,2000,0,1999,1,2000,0
187,2000,0,1999,1,2000,0
188,2000,0,2000,1,2000,0
189,2000,0,2000,2,2000,0
190,2000,0,2000,1,2000,0
191,2000,0,2000,1,2000,0
192,2000,0,2000,1,2000,0
193,2000,0,2000,2,2000,0
194,2001,0,2000,0,2000,0
195,2000,0,2000,1,2000,0
196,2000,0,2000,0,2000,0
197,2000,0,2000,1,2000,0
198,2000,0,2000,1,2000,0
199,2000,0,1999,1,2000,0
200,1835,-73,1757,-54,1667,-34
201,1447,-34,1357,-26,1257,-31
202,1046,-36,953,-24,848,-32
203,651,-34,547,-31,436,-29
204,250,-32,149,-24,38,124
205,0,-16,0,1,0,0
206,0,0,0,1,0,0
207,0,0,0,1,0,0
208,0,0,0,1,0,0
209,0,0,0,1,0,0
210,0,0,0,0,0,0
211,0,0,0,1,0,0
212,0,0,0,0,0,0
213,0,0,0,1,0,0
214,0,0,0,1,0,0
215,0,0,0,1,0,0
216,0,0,0,1,0,0
217,0,0,0,2,0,0
218,0,0,0,0,0,0
219,0,0,0,1,0,0
220,0,0,0,1,0,0
221,0,0,0,1,0,0
222,0,0,0,2,0,0
223,0,0,0,1,0,0
224,0,0,0,2,0,0
225,0,0,0,1,0,0
226,0,0,0,1,0,0
227,0,0,0,1,0,0
228,0,0,0,1,0,0
229,0,0,0,1,0,0
230,0,0,0,1,0,0
231,0,0,0,1,0,0
232,0,0,0,1,0,0
233,0,0,0,1,0,0
234,0,0,0,1,0,0
235,0,0,0,1,0,0
236,0,0,0,1,0,0
237,0,0,0,1,0,0
238,0,0,0,1,0,0
239,0,0,0,1,0,0
240,0,0,0,1,0,0
241,0,0,0,1,0,0
242,0,0,0,2,0,0
243,0,0,0,2,0,0
244,-1,0,0,1,0,0
245,0,0,0,1,0,0
246,0,0,0,1,0,0
247,0,0,0,1,0,0
248,0,0,0,1,0,0
249,0,0,0,0,0,0
250,0,0,0,1,0,0
251,0,0,0,2,0,0
252,0,0,0,1,0,0
253,0,0,0,1,0,0
254,0,0,0,0,0,0
255,0,0,0,1,0,0
256,0,0,0,2,0,0
257,-1,0,0,2,0,0
258,0,0,0,1,0,0
259,0,0,0,1,0,0
260,0,0,0,2,0,0
261,0,0,0,1,0,0
262,0,0,0,1,0,0
263,0,0,0,1,0,0
264,0,0,0,1,0,0
265,0,0,0,1,1,0
266,0,0,0,1,0,0
267,0,0,0,1,0,0
268,0,0,0,1,0,0
269,0,0,0,1,0,0
270,-1,0,0,1,0,0
271,0,0,0,1,0,0
272,0,0,0,2,0,0
273,0,0,0,1,0,0
274,0,0,0,2,0,0
275,0,0,0,1,0,0
276,0,0,0,1,0,0
277,0,0,0,2,0,0
278,-1,0,0,1,0,0
279,0,0,0,1,0,0
280,0,0,0,1,0,0
281,0,0,0,1,0,0
282,0,0,0,1,0,0
283,0,0,0,2,0,0
284,0,0,0,2,0,0
285,0,0,0,2,0,0
286,0,0,0,1,0,0
287,0,0,0,2,0,0
288,0,0,0,1,0,0
289,0,0,0,1,0,0
290,0,0,0,1,0,0
291,0,0,0,1,0,0
292,0,0,0,1,0,0
293,0,0,0,1,0,0
294,0,0,0,1,0,0
295,0,0,0,1,0,0
296,0,0,0,1,0,0
297,0,0,0,1,0,0
298,0,0,0,0,0,0
299,0,0,0,1,0,0
