time,motor,position,current
0.112284,3,359,-6
0.143798,4,3524,10
0.17578,5,2030,2
0.207789,6,3399,30
0.239774,7,1908,0
0.271732,8,2652,0
0.303689,9,1617,-2
0.335724,10,2280,2
0.367698,11,2874,0
0.40007,12,1045,0
0.431594,13,2046,0
0.463628,14,1583,0
0.495557,15,1766,0
0.527533,16,1814,17
0.559565,17,959,8
0.591574,18,1986,0
0.623518,19,1556,-41
0.655431,20,2142,0
0.687497,21,2085,5
0.719473,22,1326,-10
0.751357,23,2075,0
0.783429,24,1599,-3
0.815335,25,1801,4
1.03956,3,281,-23
1.07118,4,3528,0
1.10317,5,2031,0
1.13535,6,3462,21
1.16749,7,1911,-13
1.19921,8,2647,19
1.23144,9,1616,0
1.26307,10,2285,-13
1.29519,11,2873,3
1.32714,12,1052,0
1.35902,13,2045,1
1.39106,14,1585,0
1.42304,15,1766,0
1.45495,16,1814,22
1.48698,17,963,0
1.51898,18,1985,0
1.55096,19,1555,-46
1.58286,20,2144,-8
1.61493,21,2085,5
1.64691,22,1325,-5
1.67889,23,2074,0
1.71088,24,1598,0
1.74309,25,1804,-3
1.83935,3,281,-25
1.87076,4,3528,0
1.9027,5,2030,-999
1.9775,6,3462,21
2.03174,7,1911,-13
2.06244,8,2647,19
2.09438,9,1616,-1
2.12641,10,2285,-9
2.1584,11,2873,5
2.1904,12,1053,-1
2.22243,13,2044,5
2.25443,14,1585,0
2.28632,15,1766,0
2.31836,16,1825,133
2.35037,17,962,15
2.3823,18,2020,14
2.41411,19,1556,-46
2.44612,20,2144,-9
2.47816,21,2086,2
2.51007,22,1325,-6
2.54211,23,2075,0
2.5741,24,1598,0
2.6061,25,1804,0
2.70238,3,281,-24
2.734,4,3528,0
2.766,5,2031,1
2.79805,6,3462,21
2.83,7,1911,-12
2.86194,8,2647,19
2.89401,9,1616,0
2.92594,10,2285,-8
2.95793,11,2873,3
2.98996,12,1053,-6
3.02184,13,2044,6
3.05389,14,1585,0
3.08592,15,1766,0
3.11794,16,1827,109
3.14987,17,962,16
3.18191,18,2020,15
3.21385,19,1555,-24
3.24581,20,2144,-10
3.27783,21,2085,4
3.30984,22,1325,-8
3.34182,23,2074,0
3.37383,24,1598,0
3.40583,25,1804,-2
3.50212,3,281,-24
3.53377,4,3529,0
3.56576,5,2031,1
3.5978,6,3462,22
3.62973,7,1911,-14
3.66172,8,2647,18
3.69367,9,1616,0
3.72574,10,2285,-7
3.75772,11,2873,4
3.78966,12,1054,-7
3.82165,13,2043,4
3.85366,14,1585,0
3.88555,15,1766,0
3.91764,16,1828,112
3.94961,17,962,18
3.98162,18,2020,15
4.01359,19,1556,-45
4.04553,20,2144,-9
4.07757,21,2086,5
4.1095,22,1325,-7
4.14154,23,2074,0
4.17356,24,1598,0
4.20551,25,1804,0
4.30198,3,281,-25
4.33348,4,3528,0
4.36544,5,2031,2
4.3974,6,3462,22
4.42934,7,1911,-13
4.4614,8,2647,19
4.49341,9,1616,0
4.52539,10,2285,-7
4.5575,11,2873,4
4.58939,12,1054,-8
4.62138,13,2044,4
4.6533,14,1585,0
4.6853,15,1766,0
4.71728,16,1827,110
4.74926,17,962,17
4.78127,18,2020,15
4.81328,19,1556,-45
4.84519,20,2144,-10
4.87725,21,2085,4
4.90928,22,1325,-7
4.94132,23,2074,0
4.97324,24,1598,0
5.0052,25,1804,0
5.10163,3,281,-25
5.13319,4,3528,0
5.16518,5,2030,2
5.19714,6,3462,21
5.22916,7,1911,-15
5.26112,8,2647,19
5.29319,9,1616,0
5.32512,10,2285,-8
5.35708,11,2873,4
5.38909,12,1054,-7
5.42109,13,2044,5
5.45305,14,1585,0
5.48509,15,1766,0
5.51704,16,1828,111
5.54905,17,962,18
5.581,18,2020,18
5.61302,19,1556,-45
5.64498,20,2144,-9
5.67693,21,2085,1
5.70893,22,1325,-7
5.74096,23,2074,0
5.77294,24,1598,0
5.80492,25,1804,-1
5.9013,3,281,-25
5.93294,4,3528,0
5.96485,5,2031,0
5.99684,6,3462,23
6.02882,7,1912,-13
6.06085,8,2647,20
6.09309,9,1616,0
6.12532,10,2285,-7
6.15697,11,2873,4
6.18914,12,1053,-8
6.22091,13,2044,4
6.25289,14,1585,0
6.28491,15,1766,0
6.31691,16,1828,112
6.34901,17,962,19
6.38086,18,2020,13
6.41283,19,1556,-29
6.44476,20,2144,-10
6.47674,21,2085,7
6.50872,22,1325,-6
6.54066,23,2074,0
6.57264,24,1598,0
6.60472,25,1805,0
6.70117,3,281,-25
6.73269,4,3529,0
6.76465,5,2030,0
6.79659,6,3462,22
6.82864,7,1911,-16
6.86058,8,2647,19
6.89259,9,1616,0
6.92463,10,2285,-8
6.95676,11,2872,4
6.98851,12,1054,-5
7.02053,13,2044,5
7.07065,14,1585,0
7.10043,15,1766,0
7.1325,16,1827,111
7.16445,17,962,18
7.19637,18,2020,15
7.22836,19,1556,-40
7.26045,20,2144,-8
7.29238,21,2086,7
7.32513,22,1325,-8
7.35633,23,2075,0
7.38833,24,1598,0
7.42026,25,1804,-3
7.51652,3,281,-25
7.54812,4,3528,0
7.58014,5,2031,0
7.61213,6,3462,22
7.6441,7,1911,-15
7.67607,8,2647,19
7.70803,9,1616,0
7.73993,10,2285,-7
7.77199,11,2873,3
7.80401,12,1054,-6
7.83595,13,2044,4
7.86782,14,1585,0
7.89993,15,1766,0
7.93182,16,1827,111
7.96385,17,962,18
7.99583,18,2020,16
8.02799,19,1556,-44
8.05975,20,2144,-9
8.09176,21,2086,4
8.12372,22,1325,-7
8.15571,23,2074,0
8.18774,24,1597,0
8.21969,25,1805,0
8.31614,3,281,-25
8.34758,4,3528,0
8.37961,5,2031,1
8.41155,6,3462,22
8.44351,7,1911,-16
8.47548,8,2647,19
8.50746,9,1616,0
8.53944,10,2285,-9
8.57147,11,2873,3
8.60345,12,1053,-6
8.63539,13,2044,5
8.66742,14,1585,0
8.69936,15,1766,0
8.73126,16,1828,108
8.76331,17,962,18
8.79528,18,2020,16
8.82725,19,1555,-45
8.85919,20,2144,-9
8.89123,21,2085,5
8.92321,22,1325,-7
8.95513,23,2074,0
8.9871,24,1598,0
9.01906,25,1804,0
9.11539,3,281,-25
9.147,4,3528,0
9.17896,5,2031,0
9.211,6,3462,21
9.24303,7,1912,-23
9.27496,8,2647,19
9.30703,9,1616,0
9.33901,10,2285,-8
9.37092,11,2873,4
9.40302,12,1054,-2
9.43496,13,2044,5
9.46691,14,1585,0
9.49893,15,1766,0
9.53091,16,1827,111
9.56289,17,962,13
9.59488,18,2020,15
9.62681,19,1556,-45
9.65883,20,2144,-9
9.69087,21,2086,4
9.72282,22,1326,-5
9.75487,23,2074,0
9.78682,24,1598,0
9.81877,25,1805,-1
9.9151,3,281,-24
9.94667,4,3528,0
9.97871,5,2032,0
10.011,6,3462,21
10.0434,7,1911,-14
10.0777,8,2647,20
10.1066,9,1616,0
10.1387,10,2285,-8
10.1707,11,2873,3
10.2026,12,1054,-3
10.2346,13,2044,5
10.2666,14,1583,0
10.2986,15,1766,0
10.3307,16,1828,109
10.3627,17,962,18
10.3946,18,2020,14
10.4266,19,1556,-35
10.4586,20,2144,-10
10.4905,21,2085,6
10.5226,22,1326,-7
10.5545,23,2074,0
10.5866,24,1596,1
10.6185,25,1804,0
10.7149,3,281,-27
10.7464,4,3528,0
10.7784,5,2030,1
10.8105,6,3462,21
10.8425,7,1911,-13
10.8744,8,2647,19
10.9064,9,1616,0
10.9384,10,2286,-13
10.9704,11,2877,-3
11.0025,12,1056,-38
11.0344,13,2044,5
11.0664,14,1583,0
11.0984,15,1766,0
11.1304,16,1827,106
11.1625,17,962,16
11.1943,18,2020,15
11.2263,19,1555,-37
11.2583,20,2146,-25
11.2903,21,2085,5
11.3223,22,1331,-45
11.3543,23,2077,-1
11.3862,24,1595,5
11.4182,25,1804,0
11.5148,3,281,-25
11.5461,4,3528,0
11.5781,5,2031,0
11.61,6,3462,21
11.642,7,1911,-15
11.674,8,2647,19
11.706,9,1616,0
11.7379,10,2286,-20
11.7699,11,2877,-8
11.8019,12,1057,-44
11.8338,13,2044,5
11.8659,14,1583,0
11.8979,15,1766,0
11.9298,16,1827,106
11.9617,17,962,16
11.9937,18,2022,0
12.0257,19,1555,-44
12.0578,20,2146,-30
12.0897,21,2085,6
12.1216,22,1330,-44
12.1536,23,2077,-1
12.1856,24,1595,5
12.2176,25,1804,0
12.3141,3,281,-24
12.3455,4,3528,0
12.3774,5,2034,0
12.4094,6,3462,21
12.4414,7,1911,-13
12.4734,8,2647,19
12.5054,9,1613,3
12.5374,10,2286,-21
12.5695,11,2878,-6
12.6013,12,1057,-46
12.6333,13,2044,3
12.6652,14,1583,0
12.6973,15,1766,0
12.7293,16,1827,106
12.7613,17,962,16
12.7932,18,2022,0
12.8252,19,1556,-26
12.8572,20,2146,-30
12.8892,21,2085,6
12.9211,22,1330,-47
12.9531,23,2077,0
12.9851,24,1595,4
13.017,25,1805,0
13.1133,3,281,-24
13.1449,4,3528,0
13.1772,5,2034,-6
13.2089,6,3462,22
13.241,7,1911,-12
13.2729,8,2647,20
13.3048,9,1613,4
13.3368,10,2286,-19
13.3687,11,2877,-6
13.4008,12,1057,-42
13.4327,13,2045,2
13.4647,14,1583,0
13.4967,15,1766,0
13.5287,16,1827,105
13.5606,17,962,16
13.5926,18,2022,0
13.6247,19,1556,-36
13.6566,20,2145,-21
13.6886,21,2086,6
13.7206,22,1329,-38
13.7525,23,2075,0
13.7845,24,1596,0
13.8165,25,1804,0
13.9128,3,281,-25
13.9444,4,3528,0
13.9764,5,2034,-9
14.0083,6,3462,23
14.0404,7,1912,-13
14.0724,8,2647,20
14.1042,9,1613,8
14.1363,10,2286,-20
14.1683,11,2877,-7
14.2003,12,1056,-33
14.2322,13,2044,1
14.2642,14,1583,0
14.2962,15,1766,0
14.3281,16,1828,105
14.3601,17,962,16
14.3921,18,2022,0
14.4241,19,1555,-46
14.4561,20,2144,-10
14.488,21,2085,6
14.52,22,1327,-19
14.552,23,2074,0
14.5839,24,1597,0
14.6159,25,1804,-1
14.7123,3,281,-25
14.7438,4,3528,0
14.7758,5,2034,-7
14.8078,6,3462,22
14.8398,7,1912,-18
14.8717,8,2647,19
14.9037,9,1612,4
14.9356,10,2286,-21
14.9676,11,2877,-7
14.9996,12,1056,-25
15.0316,13,2044,4
15.0635,14,1583,0
15.0956,15,1766,0
15.1275,16,1828,106
15.1595,17,962,15
15.1914,18,2022,0
15.2235,19,1555,-32
15.2555,20,2144,-11
15.2875,21,2085,6
15.3194,22,1327,-18
15.3515,23,2074,0
15.3834,24,1597,0
15.4154,25,1805,0
15.5119,3,281,-24
15.5434,4,3528,0
15.5754,5,2034,-6
15.6073,6,3462,22
15.6394,7,1911,-14
15.6714,8,2647,19
15.7034,9,1612,5
15.7353,10,2286,-21
15.7674,11,2877,-8
15.7993,12,1056,-28
15.8312,13,2044,2
15.8633,14,1583,0
15.8953,15,1766,0
15.9272,16,1828,106
15.9593,17,962,15
15.9913,18,2022,4
16.0232,19,1556,-27
16.0552,20,2144,-18
16.0873,21,2086,4
16.1192,22,1328,-18
16.1512,23,2074,0
16.1832,24,1597,0
16.2152,25,1804,-1
16.3116,3,281,-24
16.3431,4,3528,0
16.3751,5,2034,-6
16.4071,6,3462,21
16.439,7,1911,-14
16.471,8,2647,19
16.503,9,1613,5
16.5351,10,2286,-20
16.567,11,2877,-6
16.599,12,1056,-26
16.631,13,2044,2
16.663,14,1583,0
16.6949,15,1766,0
16.727,16,1827,104
16.759,17,962,16
16.7909,18,2022,0
16.823,19,1556,-25
16.8552,20,2144,-14
16.8869,21,2085,5
16.919,22,1327,-18
16.9509,23,2074,0
16.9829,24,1597,0
17.0149,25,1804,-1
17.1112,3,281,-25
17.1431,4,3528,0
17.1751,5,2034,-6
17.207,6,3462,22
17.239,7,1911,-14
17.2709,8,2647,22
17.3029,9,1613,4
17.3349,10,2286,-21
17.3669,11,2877,-6
17.3988,12,1056,-26
17.4308,13,2044,3
17.4628,14,1583,0
17.4948,15,1766,0
17.5267,16,1827,106
17.5588,17,962,15
17.5907,18,2022,0
17.6227,19,1556,-23
17.6547,20,2144,-11
17.6867,21,2085,5
17.7187,22,1327,-19
17.7507,23,2074,0
17.7826,24,1597,0
17.8146,25,1804,0
17.911,3,281,-25
17.9426,4,3528,0
17.9746,5,2034,-6
18.0066,6,3462,22
18.0385,7,1911,-22
18.0705,8,2647,20
18.1026,9,1613,4
18.1345,10,2286,-21
18.1727,11,2877,-6
18.1985,12,1056,-26
18.2305,13,2045,4
18.2625,14,1583,0
18.2945,15,1766,0
18.3265,16,1828,104
18.3584,17,962,14
18.3904,18,2022,0
18.4224,19,1556,-26
18.4544,20,2144,-11
18.4863,21,2086,2
18.5184,22,1327,-18
18.5505,23,2074,0
18.5823,24,1597,0
18.6143,25,1804,-2
18.7108,3,281,-25
18.7423,4,3528,0
18.7743,5,2034,-6
18.8063,6,3462,21
18.8383,7,1911,-14
18.8702,8,2647,20
18.9021,9,1613,5
18.9342,10,2286,-20
18.9662,11,2877,-6
18.9982,12,1056,-26
19.0301,13,2045,4
19.0621,14,1583,0
19.0941,15,1766,0
19.1261,16,1828,105
19.1581,17,962,15
19.1901,18,2022,3
19.2221,19,1556,-41
19.2541,20,2144,-10
19.2861,21,2085,3
19.318,22,1327,-30
19.35,23,2074,0
19.382,24,1597,0
19.4141,25,1804,0
19.5104,3,281,-24
19.542,4,3528,0
19.574,5,2034,-6
19.6059,6,3462,21
19.6379,7,1911,-12
19.6699,8,2647,20
19.702,9,1613,6
19.7339,10,2286,-20
19.7659,11,2877,-6
19.7979,12,1056,-25
19.8299,13,2044,4
19.8619,14,1583,0
19.8939,15,1766,0
19.9259,16,1827,105
19.9578,17,962,14
19.9898,18,2022,0
20.0218,19,1556,-37
20.0538,20,2144,-11
20.0858,21,2085,5
20.1178,22,1327,-24
20.1498,23,2074,0
20.1818,24,1597,0
20.2137,25,1804,0
20.3101,3,281,-25
20.3417,4,3528,0
20.3737,5,2034,-6
20.4057,6,3462,21
20.4377,7,1911,-13
20.4697,8,2647,19
20.5017,9,1613,6
20.5337,10,2286,-20
20.5656,11,2877,-7
20.5977,12,1056,-25
20.6295,13,2045,4
20.6616,14,1583,0
20.6936,15,1766,0
20.7256,16,1828,103
20.7575,17,962,16
20.7895,18,2022,0
20.8215,19,1556,-26
20.8536,20,2144,-12
20.8856,21,2085,2
20.9175,22,1327,-18
20.9495,23,2074,0
20.9815,24,1597,0
21.0134,25,1804,0
21.1099,3,281,-25
21.1414,4,3528,0
21.1734,5,2034,-5
21.2054,6,3462,22
21.2374,7,1911,-18
21.2693,8,2647,18
21.3014,9,1612,5
21.3334,10,2286,-21
21.3654,11,2877,-6
21.3974,12,1056,-25
21.4293,13,2045,2
21.4613,14,1583,0
21.4935,15,1766,0
21.5253,16,1827,106
21.5573,17,962,16
21.5893,18,2022,0
21.6213,19,1555,-44
21.6532,20,2144,-11
21.6852,21,2085,6
21.7172,22,1327,-18
21.7492,23,2073,0
21.7812,24,1597,0
21.8132,25,1804,0
21.9095,3,281,-24
21.9411,4,3528,0
21.9731,5,2034,-5
22.0049,6,3462,23
22.037,7,1912,-15
22.069,8,2647,19
22.1011,9,1613,3
22.1329,10,2286,-21
22.1648,11,2877,-6
22.1969,12,1056,-25
22.2289,13,2045,2
22.261,14,1583,0
22.2929,15,1766,0
22.3248,16,1828,106
22.3568,17,962,15
22.3887,18,2022,0
22.4208,19,1556,-28
22.4528,20,2144,-11
22.4847,21,2085,7
22.5166,22,1327,-18
22.5487,23,2073,0
22.5807,24,1597,0
22.6127,25,1804,0
22.7089,3,281,-25
22.7405,4,3528,0
22.7725,5,2034,-6
22.8045,6,3462,23
22.8365,7,1911,-17
22.8687,8,2647,19
22.9008,9,1612,4
22.9327,10,2286,-20
22.9644,11,2877,-6
22.9964,12,1056,-24
23.0284,13,2045,4
23.0602,14,1583,0
23.0923,15,1766,0
23.1332,16,1827,105
23.1562,17,962,15
23.1881,18,2021,0
23.2202,19,1556,-36
23.2522,20,2144,-11
23.2841,21,2085,4
23.3161,22,1327,-17
23.3481,23,2074,0
23.38,24,1597,0
23.4121,25,1804,0
23.5083,3,281,-24
23.5399,4,3528,0
23.5719,5,2034,-6
23.6039,6,3462,22
23.6359,7,1911,-27
23.6679,8,2647,19
23.6999,9,1612,4
23.7319,10,2286,-21
23.7638,11,2877,-6
23.7959,12,1056,-25
23.8278,13,2045,4
23.8598,14,1583,0
23.8918,15,1766,0
23.9238,16,1828,106
23.9557,17,962,4
23.9877,18,2022,0
24.0197,19,1555,-27
24.0516,20,2144,-9
24.0837,21,2085,1
24.1157,22,1327,-18
24.1477,23,2073,0
24.1797,24,1597,0
24.2117,25,1804,0
24.308,3,281,-25
24.3397,4,3528,0
24.3717,5,2034,-4
24.4036,6,3462,22
24.4356,7,1911,-12
24.4676,8,2647,20
24.4995,9,1613,5
24.5316,10,2286,-20
24.5636,11,2877,-6
24.5955,12,1056,-32
24.6275,13,2044,4
24.6595,14,1583,0
24.6915,15,1766,0
24.7235,16,1827,102
24.7555,17,963,12
24.7875,18,2022,0
24.8194,19,1556,-44
24.8514,20,2145,-25
24.8834,21,2085,6
24.9154,22,1327,-30
24.9474,23,2076,0
24.9794,24,1595,3
25.0114,25,1804,0
25.1078,3,281,-24
25.1393,4,3528,0
25.1714,5,2034,-4
25.2034,6,3462,21
25.2353,7,1911,-13
25.2674,8,2647,18
25.2993,9,1613,2
25.3313,10,2286,-44
25.3633,11,2878,-6
25.3952,12,1057,-39
25.4273,13,2044,7
25.4593,14,1583,0
25.4914,15,1766,0
25.5232,16,1827,103
25.5552,17,963,9
25.5872,18,2023,0
25.6192,19,1556,-36
25.6512,20,2145,-26
25.6832,21,2085,4
25.7152,22,1329,-33
25.7472,23,2076,0
25.7791,24,1595,5
25.8111,25,1805,0
25.9076,3,281,-25
25.9391,4,3528,0
25.971,5,2034,-5
26.003,6,3462,22
26.035,7,1911,-17
26.0671,8,2647,18
26.0991,9,1613,3
26.1311,10,2287,-28
26.163,11,2877,-7
26.195,12,1057,-39
26.227,13,2044,4
26.259,14,1583,0
26.291,15,1766,0
26.323,16,1827,103
26.355,17,963,6
26.387,18,2021,7
26.419,19,1556,-43
26.4509,20,2145,-26
26.483,21,2085,6
26.5149,22,1329,-32
26.5469,23,2076,0
26.5789,24,1595,5
26.6109,25,1804,-1
26.7077,3,281,-25
26.739,4,3528,0
26.7709,5,2034,-4
26.8029,6,3462,22
26.8349,7,1911,-12
26.8668,8,2647,20
26.8988,9,1614,0
26.9308,10,2285,-14
26.9628,11,2877,-6
26.9947,12,1056,-26
27.0267,13,2045,1
27.0587,14,1583,0
27.0907,15,1766,0
27.1227,16,1828,105
27.1547,17,963,9
27.1868,18,2021,10
27.2194,19,1556,-42
27.2508,20,2145,-19
27.2827,21,2085,5
27.3147,22,1328,-38
27.3467,23,2074,0
27.3786,24,1596,0
27.4106,25,1804,0
27.5074,3,281,-24
27.5388,4,3528,0
27.5707,5,2032,0
27.6027,6,3462,22
27.6346,7,1911,-16
27.6667,8,2647,19
27.699,9,1614,1
27.7307,10,2285,-13
27.7625,11,2877,-6
27.7947,12,1055,-31
27.8266,13,2045,1
27.8586,14,1583,0
27.8906,15,1766,0
27.9226,16,1828,114
27.9546,17,964,9
27.9866,18,2021,10
28.0185,19,1555,-31
28.0505,20,2144,-21
28.0824,21,2085,7
28.1144,22,1328,-38
28.1637,23,2074,0
28.1944,24,1597,0
28.2263,25,1804,0
28.3227,3,282,-25
28.3544,4,3528,0
28.3864,5,2032,0
28.4183,6,3462,22
28.4503,7,1911,-18
28.4823,8,2646,20
28.5142,9,1614,0
28.5462,10,2286,-15
28.5782,11,2877,-6
28.6101,12,1054,-28
28.6423,13,2045,2
28.6741,14,1583,0
28.7061,15,1766,0
28.7382,16,1828,112
28.7702,17,963,10
28.8022,18,2020,8
28.8342,19,1555,-45
28.8661,20,2145,-24
28.8981,21,2086,6
28.9301,22,1328,-38
28.9621,23,2074,0
28.994,24,1597,0
29.0261,25,1804,0
29.1224,3,281,-25
29.154,4,3528,0
29.186,5,2033,0
29.2179,6,3462,22
29.25,7,1911,-14
29.282,8,2647,20
29.3139,9,1614,0
29.3459,10,2285,-18
29.3779,11,2877,-7
29.4099,12,1055,-23
29.4419,13,2045,2
29.4739,14,1583,0
29.5058,15,1766,0
29.5378,16,1828,116
29.5698,17,963,10
29.6018,18,2020,11
29.6338,19,1555,-14
29.6658,20,2145,-21
29.6977,21,2085,7
29.7298,22,1328,-39
29.7618,23,2073,0
29.7938,24,1597,0
29.8258,25,1804,0
29.9541,3,281,-26
29.9857,4,3528,0
30.0177,5,2033,0
30.0496,6,3462,22
30.0817,7,1911,-14
30.1137,8,2647,20
30.1456,9,1614,0
30.1776,10,2285,-17
30.2096,11,2877,-6
30.2415,12,1054,-18
30.2736,13,2045,2
30.3056,14,1583,0
30.3376,15,1766,0
30.3695,16,1828,109
30.4015,17,963,10
30.4335,18,2020,8
30.4655,19,1555,-42
30.4975,20,2145,-19
30.5294,21,2085,7
30.5614,22,1328,-37
30.5934,23,2074,0
30.6254,24,1597,0
30.6574,25,1804,0
30.802,3,281,-25
30.8334,4,3528,0
30.8654,5,2049,14
30.8974,6,3462,22
30.9293,7,1911,-14
30.9613,8,2647,20
30.9933,9,1484,-3
31.0252,10,2285,-8
31.0572,11,2844,-6
31.0892,12,1054,-7
31.1212,13,2046,5
31.1532,14,1586,0
31.1853,15,1766,0
31.2173,16,1828,110
31.2491,17,963,9
31.2812,18,2021,6
31.3131,19,1556,-35
31.3457,20,2144,-27
31.3772,21,2049,-38
31.4091,22,1328,-37
31.4411,23,2068,0
31.4731,24,1597,0
31.5051,25,1804,0
31.7294,3,281,-26
31.761,4,3528,0
31.7929,5,2050,10
31.8249,6,3462,22
31.8569,7,1911,-15
31.8889,8,2647,19
31.9209,9,1484,-3
31.9529,10,2285,-7
31.9849,11,2844,-6
32.0168,12,1054,-7
32.0488,13,2047,4
32.0808,14,1586,0
32.1129,15,1766,0
32.1448,16,1828,116
32.1772,17,963,9
32.2088,18,2021,10
32.2409,19,1555,-39
32.2729,20,2145,-21
32.3047,21,2049,-39
32.3367,22,1328,-38
32.3687,23,2068,-1
32.4007,24,1597,0
32.4327,25,1804,0
32.5772,3,282,-28
32.6089,4,3528,0
32.6408,5,2055,-4
32.6728,6,3461,27
32.7047,7,1910,-3
32.7365,8,2647,15
32.7685,9,1484,0
32.8004,10,2214,-11
32.8325,11,2844,-4
32.8644,12,1307,-1455
32.8963,13,2045,7
32.9282,14,1975,170
32.9602,15,1726,333
32.9922,16,1850,-19
33.0242,17,967,0
33.0561,18,2023,0
33.0884,19,1556,-12
33.1557,20,1978,70
33.1844,21,2050,-50
33.2166,22,1986,0
33.248,23,2068,-1
33.28,24,2024,52
33.3119,25,1799,17
33.5362,3,281,-32
33.5676,4,3529,0
33.6,5,2056,-7
33.6317,6,3461,30
33.6637,7,1911,-9
33.6956,8,2647,20
33.7276,9,1480,6
33.7596,10,2199,54
33.7915,11,2846,-31
33.8235,12,1666,44
33.8557,13,2045,11
33.8875,14,1998,0
33.9195,15,1763,13
33.9516,16,1842,3
33.9838,17,962,18
34.0154,18,2022,4
34.0476,19,1556,-31
34.0796,20,2044,13
34.1116,21,2049,-46
34.1436,22,1980,22
34.1754,23,2065,1
34.2073,24,2036,-4
34.2392,25,1805,-4
34.3196,3,282,-28
34.3512,4,3529,0
34.3835,5,2057,-4
34.4152,6,3462,23
34.4472,7,1911,-10
34.4791,8,2647,18
34.5111,9,1480,5
34.5431,10,2204,14
34.5751,11,2847,-31
34.6072,12,1671,14
34.6393,13,2045,14
34.6711,14,1990,45
34.7031,15,1881,103
34.7352,16,1842,4
34.7676,17,961,21
34.7991,18,2022,0
34.8312,19,1556,-15
34.8633,20,2047,0
34.8955,21,2050,-41
34.9271,22,1982,14
34.959,23,2064,1
34.9909,24,2030,11
35.0229,25,2016,28
35.1194,3,282,-32
35.1509,4,3529,0
35.1832,5,2055,0
35.2149,6,3461,30
35.2469,7,1911,-12
35.2789,8,2647,19
35.3109,9,1480,6
35.3428,10,2204,26
35.3749,11,2847,-40
35.4068,12,1668,29
35.4391,13,2045,14
35.4708,14,1993,25
35.5028,15,1892,42
35.5351,16,1841,8
35.5669,17,961,19
35.5987,18,2022,0
35.631,19,1555,-33
35.6629,20,2049,-1
35.6949,21,2049,-43
35.727,22,1987,-9
35.7587,23,2064,0
35.7907,24,2031,15
35.8227,25,2017,31
35.8555,3,281,-34
35.8866,4,3529,0
35.9191,5,2055,-3
35.9506,6,3462,26
35.9825,7,1911,-12
36.0146,8,2647,18
36.0465,9,1480,5
36.0784,10,2204,21
36.1105,11,2847,-39
36.1425,12,1669,21
36.1747,13,2045,14
36.2065,14,1994,19
36.2384,15,1892,42
36.2707,16,1841,8
36.303,17,961,18
36.3344,18,2022,0
36.3666,19,1556,-42
36.3985,20,2049,-3
36.4306,21,2050,-39
36.4626,22,1983,0
36.4944,23,2064,0
36.5264,24,2031,17
36.5583,25,2016,32
36.5911,3,282,-36
36.6224,4,3529,0
36.6545,5,2055,-2
36.6864,6,3462,28
36.7183,7,1911,-7
36.7503,8,2647,19
36.7822,9,1480,6
36.8142,10,2204,22
36.8462,11,2846,-32
36.8781,12,1669,22
36.9104,13,2045,14
36.9423,14,1993,28
36.9741,15,1892,43
37.0062,16,1841,8
37.0381,17,962,21
37.07,18,2022,0
37.1021,19,1556,-31
37.1344,20,2049,-3
37.1663,21,2049,-41
37.1982,22,1985,-1
37.2299,23,2065,2
37.2619,24,2031,14
37.2941,25,2016,33
37.3273,3,281,-34
37.3579,4,3529,0
37.3902,5,2056,0
37.4219,6,3462,24
37.4539,7,1911,-12
37.4858,8,2647,19
37.5177,9,1480,5
37.5497,10,2204,21
37.5817,11,2846,-35
37.6137,12,1669,21
37.6459,13,2046,14
37.6777,14,1993,31
37.7095,15,1892,42
37.7419,16,1841,8
37.774,17,961,22
37.8056,18,2022,0
37.8379,19,1556,-13
37.8705,20,2049,-4
37.9021,21,2050,-42
37.934,22,1985,-4
37.9655,23,2064,1
37.9975,24,2032,15
38.0293,25,2017,34
