time,motor,position,current
0.0976104,3,652,-72
0.127827,4,3521,0
0.159949,5,1969,-3
0.191783,6,3032,-4
0.224056,7,1977,0
0.25589,9,1566,0
0.287783,10,2351,0
0.319688,11,2854,0
0.352184,12,896,0
0.38372,13,2049,0
0.415671,14,1585,0
0.447718,15,1604,0
0.479604,16,1814,0
0.511732,17,956,0
0.543664,18,2020,0
0.575641,19,1873,0
0.607592,20,2208,0
0.639724,21,2080,0
0.6716,22,1219,0
0.703709,23,2075,0
0.735649,24,1599,0
0.767608,25,1730,0
0.816286,3,610,-8
0.847543,4,3522,2
0.879675,5,1967,0
0.91158,6,3029,0
0.94355,7,1978,0
0.97581,9,1566,0
1.00758,10,2352,0
1.03982,11,2854,0
1.07148,12,896,0
1.10347,13,2049,0
1.13544,14,1585,0
1.17241,15,1604,0
1.20275,16,1814,0
1.23166,17,955,0
1.26355,18,2020,0
1.29534,19,1873,0
1.3273,20,2208,0
1.35949,21,2080,0
1.39128,22,1219,0
1.42333,23,2075,0
1.45623,24,1599,0
1.48895,25,1730,0
1.53565,3,610,-22
1.56728,4,3523,9
1.59929,5,1968,0
1.63123,6,3031,-2
1.66333,7,1978,0
1.69522,9,1566,0
1.72724,10,2352,0
1.75927,11,2854,0
1.7913,12,896,0
1.8233,13,2049,0
1.85544,14,1585,0
1.88724,15,1604,0
1.91926,16,1814,0
1.9513,17,955,0
1.98312,18,2019,0
2.01517,19,1826,0
2.04715,20,2208,0
2.07915,21,2080,0
2.11108,22,1220,0
2.14312,23,2075,0
2.17505,24,1599,0
2.20702,25,1730,0
2.25605,3,609,-4
2.28701,4,3524,12
2.31902,5,1967,0
2.35101,6,3082,-2
2.38296,7,1977,1
2.41498,9,1566,0
2.44694,10,2353,0
2.47934,11,2855,0
2.51097,12,896,0
2.54293,13,2049,0
2.57492,14,1585,0
2.60694,15,1604,0
2.63883,16,1813,0
2.67105,17,955,0
2.70291,18,2017,0
2.735,19,1825,-1
2.76687,20,2208,0
2.79881,21,2080,0
2.83087,22,1220,0
2.86275,23,2075,0
2.8948,24,1599,0
2.9268,25,1730,0
2.97512,3,609,-5
3.00681,4,3525,5
3.03883,5,1968,0
3.07083,6,3078,2
3.10269,7,1928,-7
3.13473,9,1566,0
3.1667,10,2352,0
3.19869,11,2855,0
3.23063,12,896,0
3.26264,13,2049,0
3.29464,14,1585,0
3.32662,15,1604,0
3.3587,16,1813,0
3.39064,17,953,1
3.42261,18,2019,0
3.45485,19,1825,-9
3.48667,20,2208,0
3.51854,21,2080,0
3.55064,22,1220,0
3.58259,23,2075,0
3.61455,24,1599,0
3.64661,25,1730,0
3.69513,3,606,-90
3.72655,4,3526,0
3.75854,5,1969,-2
3.79047,6,3079,0
3.82252,7,1933,-14
3.85443,9,1566,0
3.88657,10,2351,0
3.9185,11,2854,0
3.95045,12,896,0
3.98251,13,2049,0
4.01445,14,1585,0
4.04644,15,1604,0
4.0784,16,1813,0
4.11033,17,954,0
4.14241,18,2020,-1
4.17439,19,1826,-2
4.20633,20,2208,0
4.23832,21,2080,0
4.27058,22,1220,0
4.3024,23,2075,0
4.33435,24,1599,0
4.36628,25,1730,0
4.41476,3,560,-8
4.44624,4,3527,0
4.47824,5,1968,0
4.5102,6,3078,0
4.54227,7,1933,-16
4.57426,9,1566,0
4.60628,10,2352,0
4.63832,11,2854,0
4.67024,12,896,0
4.70227,13,2049,0
4.73425,14,1585,0
4.76622,15,1604,0
4.7982,16,1813,0
4.83025,17,954,2
4.86219,18,2019,-1
4.89425,19,1776,-15
4.92617,20,2207,0
4.95813,21,2080,0
4.9901,22,1220,0
5.02216,23,2075,0
5.05411,24,1599,0
5.08623,25,1730,0
5.13447,3,561,-6
5.16603,4,3526,0
5.19802,5,1968,0
5.22997,6,3131,0
5.262,7,1933,-14
5.29398,9,1566,0
5.32592,10,2354,0
5.35797,11,2854,0
5.38998,12,896,0
5.42192,13,2049,0
5.4539,14,1585,0
5.48605,15,1604,0
5.51787,16,1813,0
5.54991,17,953,1
5.58192,18,2017,0
5.61388,19,1776,-8
5.64586,20,2208,0
5.67786,21,2080,0
5.70994,22,1219,0
5.74189,23,2075,0
5.77384,24,1599,0
5.80584,25,1730,0
5.85463,3,560,-5
5.88595,4,3527,0
5.91777,5,1968,0
5.94975,6,3127,5
5.98169,7,1912,-28
6.01375,9,1566,0
6.04591,10,2352,0
6.07784,11,2854,0
6.10968,12,896,0
6.14189,13,2049,0
6.17374,14,1585,0
6.20598,15,1604,0
6.23783,16,1813,0
6.26977,17,953,3
6.30173,18,2019,0
6.33364,19,1776,-10
6.36579,20,2208,0
6.39764,21,2080,0
6.42959,22,1220,0
6.46155,23,2075,0
6.49343,24,1599,0
6.52552,25,1731,0
6.57391,3,557,-112
6.60547,4,3528,0
6.63746,5,1969,-2
6.66946,6,3128,4
6.70158,7,1911,-25
6.73342,9,1566,0
6.76545,10,2351,0
6.79737,11,2854,-999
6.87292,12,896,0
6.90936,13,2049,0
6.9413,14,1585,0
6.97339,15,1604,0
7.00529,16,1813,0
7.03732,17,952,5
7.06939,18,2018,0
7.10137,19,1776,-10
7.13339,20,2208,0
7.16526,21,2080,0
7.19722,22,1220,0
7.22927,23,2075,0
7.2612,24,1599,0
7.29315,25,1730,0
7.34166,3,511,-15
7.37315,4,3527,0
7.40513,5,1968,0
7.43718,6,3127,4
7.46919,7,1911,-19
7.50133,9,1566,0
7.53315,10,2352,0
7.56514,11,2854,0
7.59704,12,896,0
7.62908,13,2050,0
7.66106,14,1585,0
7.69304,15,1604,0
7.72504,16,1813,0
7.75707,17,953,4
7.78904,18,2019,0
7.82106,19,1727,-41
7.85305,20,2207,0
7.88516,21,2080,0
7.91698,22,1219,0
7.94897,23,2075,0
7.98098,24,1599,0
8.01295,25,1730,0
8.06133,3,511,-8
8.09295,4,3527,0
8.12497,5,1967,0
8.157,6,3180,0
8.18895,7,1911,-13
8.22086,9,1566,0
8.25291,10,2353,0
8.28504,11,2855,0
8.31688,12,896,0
8.34888,13,2049,0
8.38082,14,1586,0
8.41286,15,1604,0
8.44483,16,1812,1
8.47675,17,953,4
8.50876,18,2017,0
8.54081,19,1726,-16
8.5728,20,2208,0
8.60483,21,2080,0
8.63685,22,1219,0
8.66899,23,2075,0
8.70087,24,1599,0
8.73279,25,1730,0
8.78113,3,507,-117
8.81273,4,3528,0
8.84468,5,1969,-5
8.87665,6,3177,7
8.90863,7,1911,-31
8.94067,9,1566,0
8.97269,10,2352,0
9.0046,11,2854,0
9.03659,12,896,0
9.0687,13,2049,0
9.10069,14,1585,0
9.13266,15,1604,0
9.16459,16,1812,3
9.1966,17,953,1
9.22864,18,2020,0
9.2606,19,1726,-12
9.29254,20,2208,0
9.32485,21,2080,0
9.35651,22,1220,0
9.38857,23,2075,0
9.42049,24,1599,0
9.45252,25,1730,0
9.50171,3,463,-25
9.53252,4,3528,0
9.56446,5,1968,0
9.59648,6,3177,6
9.62849,7,1911,-18
9.66044,9,1566,0
9.69238,10,2353,0
9.72466,11,2854,0
9.75644,12,896,0
9.78839,13,2049,0
9.82032,14,1585,0
9.85233,15,1604,0
9.88453,16,1812,1
9.91637,17,953,3
9.9483,18,2019,0
9.98031,19,1677,-24
10.0123,20,2208,0
10.0443,21,2080,0
10.0763,22,1220,0
10.1082,23,2075,0
10.1402,24,1599,0
10.1722,25,1730,0
10.2206,3,462,-24
10.2522,4,3527,0
10.2843,5,1968,0
10.3164,6,3228,4
10.3482,7,1911,-13
10.3802,9,1566,0
10.4122,10,2354,0
10.4443,11,2854,0
10.4762,12,896,0
10.5081,13,2049,0
10.5401,14,1585,0
10.572,15,1604,0
10.6041,16,1812,2
10.636,17,953,1
10.6681,18,2017,0
10.7002,19,1677,-21
10.732,20,2208,0
10.764,21,2080,0
10.796,22,1220,0
10.8281,23,2075,0
10.86,24,1599,0
10.892,25,1730,0
10.9406,3,459,-124
10.972,4,3528,0
11.004,5,1970,-4
11.036,6,3226,8
11.0681,7,1911,-17
11.1001,9,1566,0
11.1318,10,2352,0
11.1639,11,2854,0
11.1959,12,895,0
11.2279,13,2049,0
11.2598,14,1585,0
11.292,15,1604,0
11.3238,16,1812,2
11.3558,17,953,3
11.3878,18,2019,0
11.4198,19,1676,-8
11.452,20,2207,0
11.4837,21,2080,0
11.5159,22,1220,0
11.5477,23,2075,0
11.5798,24,1599,0
11.6117,25,1730,0
11.6603,3,414,-33
11.6917,4,3528,0
11.7238,5,1968,0
11.7558,6,3226,11
11.7879,7,1911,-16
11.8199,9,1566,0
11.8517,10,2353,0
11.8839,11,2854,0
11.9157,12,896,0
11.9478,13,2049,0
11.9797,14,1585,0
12.0118,15,1604,0
12.0437,16,1812,1
12.0756,17,953,5
12.1076,18,2019,0
12.1396,19,1627,-45
12.1717,20,2208,0
12.204,21,2080,0
12.2356,22,1220,0
12.2678,23,2075,0
12.2996,24,1599,0
12.3315,25,1730,0
12.3804,3,413,-30
12.4115,4,3527,0
12.4574,5,1968,0
12.4914,6,3276,10
12.5234,7,1911,-16
12.5555,9,1566,0
12.5874,10,2354,-1
12.6194,11,2854,0
12.6515,12,896,0
12.6837,13,2049,0
12.7154,14,1585,0
12.7474,15,1604,0
12.7795,16,1811,2
12.8114,17,953,0
12.8434,18,2017,0
12.8754,19,1627,-46
12.9074,20,2207,0
12.9393,21,2080,0
12.9714,22,1220,0
13.0034,23,2075,0
13.0353,24,1599,0
13.0673,25,1730,0
13.1164,3,408,-122
13.1472,4,3528,0
13.1793,5,1969,-3
13.2112,6,3276,12
13.2432,7,1911,-17
13.2752,9,1566,0
13.3072,10,2352,0
13.3391,11,2854,0
13.3712,12,895,0
13.4032,13,2050,0
13.4351,14,1585,0
13.4671,15,1604,0
13.4992,16,1811,2
13.5312,17,954,0
13.563,18,2019,0
13.595,19,1627,-25
13.627,20,2208,0
13.6591,21,2080,0
13.691,22,1220,0
13.723,23,2075,0
13.755,24,1599,0
13.787,25,1730,0
13.8354,3,365,-32
13.867,4,3529,0
13.8989,5,1968,0
13.9312,6,3276,13
13.963,7,1911,-17
13.995,9,1566,0
14.0269,10,2354,-2
14.059,11,2854,0
14.0909,12,896,0
14.1229,13,2049,0
14.1549,14,1585,0
14.1868,15,1604,0
14.2189,16,1811,5
14.2508,17,953,4
14.2828,18,2019,0
14.3149,19,1578,-44
14.3468,20,2207,0
14.3788,21,2080,0
14.4107,22,1220,0
14.4428,23,2075,0
14.4748,24,1599,0
14.5067,25,1730,0
14.5556,3,365,-32
14.5868,4,3528,0
14.6188,5,1967,0
14.6507,6,3325,19
14.6827,7,1911,-12
14.7149,9,1566,0
14.7468,10,2354,-1
14.7787,11,2855,0
14.8107,12,896,0
14.8427,13,2049,0
14.8746,14,1585,0
14.9067,15,1604,0
14.9386,16,1812,4
14.9706,17,953,3
15.0026,18,2017,0
15.0346,19,1577,-42
15.0666,20,2207,0
15.0988,21,2080,0
15.1308,22,1220,0
15.1626,23,2075,0
15.1946,24,1599,0
15.2265,25,1731,0
15.275,3,360,-146
15.3065,4,3529,0
15.3384,5,1970,-4
15.3704,6,3324,26
15.4025,7,1911,-17
15.4345,9,1566,0
15.4664,10,2353,0
15.4985,11,2854,0
15.5306,12,896,0
15.5624,13,2049,0
15.5944,14,1585,0
15.6264,15,1604,0
15.6584,16,1811,6
15.6904,17,954,1
15.7224,18,2019,0
15.7543,19,1577,-42
15.7864,20,2207,0
15.8183,21,2080,0
15.8503,22,1220,0
15.8824,23,2075,0
15.9143,24,1599,0
15.9464,25,1730,0
15.9947,3,316,-46
16.0263,4,3529,0
16.0583,5,1968,0
16.0903,6,3324,21
16.1223,7,1911,-17
16.1542,9,1567,0
16.1863,10,2354,-1
16.2182,11,2854,0
16.2501,12,896,0
16.2823,13,2049,0
16.3143,14,1585,0
16.3461,15,1604,0
16.3782,16,1811,7
16.4101,17,953,4
16.4421,18,2020,0
16.4741,19,1557,-42
16.5061,20,2207,0
16.5381,21,2080,0
16.5701,22,1220,0
16.6022,23,2075,0
16.6341,24,1599,0
16.6661,25,1730,0
16.7155,3,316,-46
16.746,4,3527,0
16.778,5,1968,0
16.81,6,3375,25
16.8422,7,1911,-13
16.874,9,1566,0
16.9063,10,2354,-2
16.938,11,2855,0
16.97,12,896,0
17.002,13,2049,0
17.034,14,1585,0
17.0659,15,1604,0
17.0982,16,1811,6
17.1303,17,953,3
17.162,18,2017,0
17.1939,19,1557,-42
17.2258,20,2208,0
17.2578,21,2080,0
17.2898,22,1220,0
17.3218,23,2075,0
17.3537,24,1599,0
17.3857,25,1730,0
17.4341,3,313,-125
17.4659,4,3529,0
17.4977,5,1969,0
17.5297,6,3374,26
17.5618,7,1911,-16
17.5938,9,1566,0
17.6258,10,2354,-2
17.6578,11,2854,0
17.6898,12,896,0
17.7217,13,2049,0
17.7537,14,1585,0
17.7857,15,1604,0
17.8177,16,1811,8
17.8497,17,953,3
17.8817,18,2019,0
17.914,19,1557,-43
17.9456,20,2208,0
17.9777,21,2080,0
18.0179,22,1220,0
18.0415,23,2075,0
18.0735,24,1599,0
18.1056,25,1730,0
18.154,3,285,-58
18.1855,4,3527,0
18.2175,5,1967,0
18.2495,6,3423,39
18.2816,7,1911,-13
18.3136,9,1566,0
18.3454,10,2354,-2
18.3775,11,2855,0
18.4095,12,896,0
18.4416,13,2049,0
18.4735,14,1585,0
18.5054,15,1604,0
18.5374,16,1810,8
18.5694,17,953,3
18.6014,18,2017,0
18.6334,19,1557,-43
18.6653,20,2207,0
18.6974,21,2080,0
18.7294,22,1220,0
18.7613,23,2075,0
18.7933,24,1599,0
18.8253,25,1730,0
18.8736,3,285,-53
18.9053,4,3528,0
18.9372,5,1968,0
18.9692,6,3456,63
19.0012,7,1911,-13
19.0332,9,1566,0
19.0652,10,2354,-1
19.0972,11,2855,0
19.1293,12,896,0
19.1611,13,2049,0
19.1932,14,1585,0
19.2252,15,1604,0
19.2572,16,1811,9
19.2891,17,953,3
19.3211,18,2018,0
19.3531,19,1557,-44
19.385,20,2207,0
19.417,21,2080,0
19.4491,22,1220,0
19.481,23,2075,0
19.513,24,1599,0
19.5452,25,1730,0
19.6413,3,285,-53
19.6732,4,3528,0
19.7049,5,1968,0
19.737,6,3456,65
19.7689,7,1911,-17
19.801,9,1566,0
19.8329,10,2354,-4
19.8649,11,2854,0
19.897,12,898,0
19.9289,13,2049,0
19.9611,14,1585,0
19.993,15,1604,0
20.0249,16,1828,111
20.0569,17,953,1
20.0889,18,2019,0
20.1208,19,1556,-46
20.1528,20,2211,-2
20.1849,21,2080,0
20.2168,22,1220,0
20.2488,23,2075,0
20.2808,24,1599,0
20.3129,25,1730,0
20.3622,3,285,-53
20.3927,4,3529,0
20.4247,5,1968,0
20.4568,6,3456,65
20.4887,7,1911,-18
20.5207,9,1566,0
20.5527,10,2355,-4
20.5848,11,2854,0
20.6167,12,899,-1
20.6487,13,2049,0
20.6807,14,1585,0
20.7126,15,1604,0
20.7448,16,1828,110
20.7767,17,959,26
20.8087,18,2019,0
20.8406,19,1556,-46
20.8726,20,2211,-5
20.9046,21,2080,0
20.9366,22,1220,0
20.9685,23,2075,0
21.0006,24,1599,0
21.0325,25,1730,0
21.081,3,285,-53
21.1126,4,3528,0
21.1447,5,1968,0
21.1766,6,3456,63
21.2085,7,1910,-14
21.2405,9,1566,0
21.2725,10,2355,-3
21.3045,11,2854,0
21.3365,12,899,-1
21.3683,13,2050,0
21.4004,14,1585,0
21.4324,15,1604,0
21.4644,16,1828,110
21.4964,17,959,28
21.5284,18,2020,7
21.5606,19,1556,-45
21.5924,20,2211,-8
21.6244,21,2080,0
21.6564,22,1220,0
21.6883,23,2075,0
21.7203,24,1599,0
21.7523,25,1730,0
21.8967,3,285,-52
21.9284,4,3528,0
21.9604,5,1968,0
21.9922,6,3456,63
22.0242,7,1911,-16
22.0562,9,1521,-42
22.0882,10,2354,-2
22.1201,11,2854,0
22.1522,12,899,-3
22.1844,13,2049,0
22.2163,14,1585,0
22.2486,15,1604,0
22.2803,16,1828,109
22.3123,17,960,26
22.3441,18,2021,2
22.3762,19,1556,-45
22.4081,20,2210,-7
22.4401,21,2080,0
22.4721,22,1220,0
22.504,23,2075,0
22.5361,24,1599,0
22.568,25,1730,0
22.6169,3,285,-54
22.648,4,3528,0
22.68,5,2008,17
22.712,6,3456,64
22.7442,7,1911,-15
22.7761,9,1521,-39
22.808,10,2354,-3
22.84,11,2853,0
22.872,12,899,-2
22.9039,13,2050,0
22.9359,14,1585,0
22.9679,15,1604,0
22.9999,16,1828,109
23.0319,17,960,28
23.0639,18,2021,4
23.096,19,1556,-45
23.128,20,2206,3
23.1599,21,2080,0
23.1921,22,1221,-5
23.2239,23,2075,0
23.2557,24,1599,0
23.288,25,1733,-2
23.3365,3,285,-54
23.3678,4,3529,0
23.3998,5,2012,34
23.4317,6,3457,64
23.4766,7,1911,-16
23.5117,9,1521,-41
23.5437,10,2355,-5
23.5758,11,2846,-20
23.6078,12,899,-2
23.6397,13,2050,0
23.6718,14,1585,0
23.7037,15,1604,0
23.7356,16,1828,109
23.7676,17,960,24
23.7996,18,2020,5
23.8316,19,1556,-44
23.8636,20,2206,4
23.8956,21,2079,0
23.9277,22,1221,-2
23.9596,23,2075,0
23.9916,24,1599,0
24.0235,25,1733,-3
24.0724,3,285,-54
24.1035,4,3528,0
24.1355,5,2013,28
24.1674,6,3456,65
24.1995,7,1911,-16
24.2316,9,1521,-41
24.2635,10,2355,-4
24.2955,11,2841,0
24.3275,12,898,0
24.3594,13,2049,0
24.3914,14,1585,0
24.4234,15,1604,0
24.4553,16,1828,109
24.4873,17,960,28
24.5193,18,2021,1
24.5513,19,1556,-44
24.5832,20,2208,0
24.6153,21,2050,-50
24.6473,22,1221,-5
24.6793,23,2075,0
24.7113,24,1599,0
24.7433,25,1729,0
24.7923,3,285,-54
24.8232,4,3528,0
24.8552,5,2013,25
24.8872,6,3456,63
24.9192,7,1911,-15
24.9512,9,1521,-40
24.9831,10,2355,-2
25.0152,11,2842,0
25.0471,12,898,0
25.0791,13,2050,0
25.1111,14,1586,0
25.1431,15,1604,0
25.1752,16,1828,109
25.2071,17,960,29
25.239,18,2020,5
25.271,19,1556,-46
25.303,20,2208,0
25.335,21,2050,-50
25.3669,22,1221,-6
25.3989,23,2076,0
25.431,24,1599,0
25.463,25,1729,0
25.5114,3,285,-54
25.543,4,3529,0
25.5751,5,2014,27
25.6069,6,3456,64
25.6389,7,1911,-14
25.6709,9,1521,-41
25.7029,10,2354,-6
25.7349,11,2841,0
25.7669,12,898,0
25.7988,13,2049,0
25.8308,14,1585,0
25.8629,15,1604,0
25.8949,16,1828,108
25.9268,17,960,30
25.959,18,2020,4
25.9909,19,1556,-45
26.0228,20,2208,0
26.0548,21,2050,-53
26.0867,22,1221,-6
26.1188,23,2069,-2
26.1507,24,1599,0
26.1827,25,1729,0
26.2312,3,285,-55
26.2627,4,3528,0
26.2946,5,2014,21
26.3268,6,3456,63
26.3586,7,1911,-14
26.3907,9,1487,-30
26.4226,10,2355,-5
26.4545,11,2840,0
26.4866,12,898,0
26.5186,13,2049,0
26.5506,14,1585,0
26.5825,15,1604,0
26.6145,16,1828,107
26.6466,17,960,31
26.6785,18,2021,1
26.7105,19,1557,-44
26.7425,20,2208,0
26.7746,21,2050,-52
26.8065,22,1221,-5
26.8384,23,2069,-1
26.8705,24,1599,0
26.9025,25,1729,0
26.9509,3,285,-52
26.9828,4,3528,0
27.0144,5,2041,49
27.0464,6,3456,64
27.0784,7,1911,-16
27.1104,9,1487,-39
27.1424,10,2355,-4
27.1745,11,2839,1
27.2063,12,899,0
27.2384,13,2049,0
27.2703,14,1585,0
27.3023,15,1604,0
27.3343,16,1828,106
27.3662,17,960,29
27.3982,18,2021,3
27.4302,19,1556,-44
27.4623,20,2205,6
27.4943,21,2049,-38
27.5263,22,1221,-6
27.5584,23,2067,0
27.5903,24,1599,0
27.6222,25,1732,-6
27.7665,3,284,-53
27.7982,4,3528,0
27.8302,5,2044,55
27.8621,6,3456,60
27.8941,7,1911,-10
27.9261,9,1486,-27
27.9582,10,2326,-89
27.9901,11,2840,0
28.0221,12,900,-8
28.054,13,2049,0
28.086,14,1583,0
28.1181,15,1603,0
28.15,16,1828,105
28.182,17,960,29
28.214,18,2023,0
28.246,19,1556,-42
28.278,20,2205,10
28.31,21,2048,-38
28.3419,22,1221,-5
28.3741,23,2066,0
28.4059,24,1599,0
28.4378,25,1732,-2
28.4864,3,285,-52
28.5181,4,3528,0
28.55,5,2045,44
28.5819,6,3456,63
28.6139,7,1911,-15
28.6461,9,1486,-18
28.6778,10,2311,-15
28.7101,11,2840,0
28.7419,12,937,33
28.7741,13,2049,0
28.8058,14,1585,0
28.8378,15,1603,0
28.8699,16,1829,97
28.9018,17,961,9
28.9338,18,2024,0
28.9658,19,1557,-45
28.9978,20,2205,8
29.0297,21,2048,-39
29.0617,22,1221,-1
29.0937,23,2067,0
29.1257,24,1599,0
29.1578,25,1732,0
29.2066,3,285,-51
29.2377,4,3528,0
29.2696,5,2046,34
29.3154,6,3456,59
29.3495,7,1911,-16
29.3815,9,1486,-16
29.4135,10,2310,-47
29.4456,11,2839,0
29.4774,12,940,44
29.5095,13,2048,0
29.5415,14,1617,134
29.5736,15,1600,12
29.6054,16,1829,100
29.6375,17,962,13
29.6695,18,2025,0
29.7014,19,1556,-44
29.7335,20,2204,10
29.7654,21,2048,-37
29.7974,22,1221,-2
29.8294,23,2066,0
29.8614,24,1599,0
29.8934,25,1733,-2
29.9417,3,285,-52
29.9734,4,3528,0
30.0054,5,2047,27
30.0373,6,3456,63
30.0693,7,1911,-15
30.1013,9,1486,-17
30.1333,10,2305,0
30.1653,11,2840,0
30.1972,12,940,42
30.2293,13,2048,0
30.2613,14,1619,109
30.2933,15,1599,13
30.3252,16,1829,100
30.3572,17,964,2
30.3894,18,2024,0
30.4212,19,1556,-40
30.4532,20,2167,-54
30.4852,21,2048,-41
30.5172,22,1221,-5
30.5492,23,2068,-1
30.5812,24,1597,6
30.6131,25,1728,2
30.6617,3,285,-52
30.6932,4,3528,0
30.7252,5,2049,19
30.7571,6,3457,58
30.7893,7,1911,-14
30.8212,9,1486,-17
30.8531,10,2307,-7
30.885,11,2840,0
30.917,12,941,35
30.949,13,2049,2
30.981,14,1619,121
31.0131,15,1599,13
31.045,16,1829,100
31.077,17,962,16
31.109,18,2022,0
31.141,19,1556,-42
31.1729,20,2158,-4
31.2051,21,2048,-41
31.2369,22,1258,86
31.269,23,2066,0
31.3009,24,1599,0
31.3329,25,1728,3
31.3813,3,284,-52
31.4128,4,3528,0
31.4449,5,2049,18
31.4768,6,3457,59
31.5092,7,1911,-14
31.5409,9,1486,-18
31.5728,10,2307,-6
31.6048,11,2840,0
31.6368,12,941,24
31.6688,13,2048,0
31.7008,14,1620,105
31.7328,15,1599,10
31.7648,16,1829,99
31.7968,17,962,17
31.8287,18,2022,0
31.8607,19,1556,-30
31.8927,20,2158,-5
31.9247,21,2048,-40
31.9568,22,1258,84
31.9887,23,2068,-1
32.0207,24,1629,141
32.0527,25,1728,4
32.1011,3,285,-49
32.1327,4,3528,0
32.1647,5,2049,21
32.1966,6,3456,60
32.2286,7,1911,-13
32.2607,9,1486,-18
32.2926,10,2272,-122
32.3246,11,2839,1
32.3565,12,951,-8
32.3887,13,2048,0
32.4207,14,1620,108
32.4525,15,1599,15
32.4846,16,1829,99
32.5165,17,962,19
32.5485,18,2022,0
32.5804,19,1556,-35
32.613,20,2152,12
32.6444,21,2046,-24
32.6765,22,1259,87
32.7084,23,2065,0
32.7404,24,1635,85
32.7724,25,1727,3
32.8212,3,285,-48
32.8524,4,3528,0
32.8844,5,2048,27
32.9164,6,3457,63
32.9485,7,1911,-16
32.9804,9,1485,-7
33.0124,10,2261,-14
33.0444,11,2840,0
33.0764,12,982,73
33.1086,13,2048,0
33.1403,14,1620,108
33.1723,15,1599,17
33.2043,16,1829,100
33.2363,17,962,14
33.2682,18,2023,0
33.3003,19,1557,-39
33.3322,20,2153,11
33.3643,21,2046,-29
33.3962,22,1262,57
33.4281,23,2066,0
33.4602,24,1637,60
33.4922,25,1727,3
33.5405,3,284,-51
33.5722,4,3528,0
33.6043,5,2048,25
33.6361,6,3456,63
33.6682,7,1911,-14
33.7002,9,1482,0
33.7324,10,2260,-43
33.7643,11,2839,1
33.7962,12,984,66
33.8281,13,2047,2
33.8601,14,1665,152
33.8921,15,1599,19
33.9241,16,1829,99
33.9561,17,963,10
33.9882,18,2023,0
34.02,19,1557,-43
34.052,20,2152,16
34.084,21,2046,-26
34.1159,22,1262,55
34.1479,23,2065,0
34.1799,24,1640,45
34.2119,25,1728,2
34.2608,3,285,-50
34.292,4,3528,0
34.3239,5,2049,27
34.3559,6,3456,63
34.3881,7,1911,-11
34.4199,9,1485,-7
34.4518,10,2254,0
34.4838,11,2840,1
34.5158,12,987,83
34.5477,13,2048,0
34.5798,14,1665,146
34.6119,15,1599,16
34.6444,16,1829,98
34.6759,17,964,6
34.7078,18,2024,0
34.7399,19,1556,-38
34.7719,20,2118,-69
34.804,21,2047,-25
34.8476,22,1269,9
34.8836,23,2068,0
34.9156,24,1640,49
34.9477,25,1727,6
34.9961,3,284,-50
35.0276,4,3528,0
35.0597,5,2049,22
35.0916,6,3457,62
35.1237,7,1911,-16
35.1557,9,1485,-10
35.1875,10,2256,0
35.2197,11,2840,1
35.2516,12,988,52
35.2836,13,2048,0
35.3155,14,1668,136
35.3475,15,1599,20
35.3795,16,1829,98
35.4115,17,963,10
35.4434,18,2022,0
35.4755,19,1556,-52
35.5074,20,2108,-3
35.5394,21,2047,-25
35.5714,22,1305,122
35.6036,23,2068,-1
35.6354,24,1640,48
35.6674,25,1728,8
35.716,3,285,-49
35.7473,4,3529,0
35.7794,5,2050,18
35.8114,6,3457,62
35.8433,7,1910,-15
35.8753,9,1485,-11
35.9073,10,2255,0
35.9393,11,2840,1
35.9713,12,989,48
36.0033,13,2048,0
36.0353,14,1668,125
36.0672,15,1599,21
36.0993,16,1829,96
36.1312,17,962,9
36.1632,18,2022,0
36.1952,19,1556,-30
36.2271,20,2108,-10
36.2592,21,2046,-26
36.2912,22,1307,109
36.3232,23,2068,-3
36.3551,24,1676,173
36.3871,25,1727,6
36.4357,3,284,-47
36.4672,4,3529,0
36.4991,5,2049,22
36.5312,6,3457,61
36.563,7,1911,-15
36.5951,9,1485,-8
36.627,10,2224,-118
36.659,11,2840,0
36.6911,12,997,4
36.723,13,2047,0
36.755,14,1668,124
36.7873,15,1599,22
36.819,16,1829,96
36.851,17,962,11
36.883,18,2022,0
36.915,19,1556,-27
36.9469,20,2102,18
36.9789,21,2046,-27
37.0108,22,1307,109
37.043,23,2066,0
37.0749,24,1677,140
37.1069,25,1727,7
37.1553,3,284,-49
37.1869,4,3528,0
37.2191,5,2049,21
37.2509,6,3456,61
37.2829,7,1911,-15
37.3148,9,1483,-5
37.3468,10,2213,-7
37.3787,11,2840,1
37.4107,12,1030,89
37.4427,13,2047,0
37.4748,14,1668,122
37.5068,15,1599,22
37.5388,16,1829,100
37.5707,17,963,11
37.6026,18,2022,0
37.6349,19,1556,-33
37.6668,20,2103,10
37.6987,21,2046,-25
37.7307,22,1311,72
37.7627,23,2066,0
37.7947,24,1682,110
37.8267,25,1727,7
37.8752,3,285,-47
37.9066,4,3528,0
37.9386,5,2049,22
37.9706,6,3456,60
38.0027,7,1911,-15
38.0348,9,1481,0
38.0666,10,2212,-11
38.0986,11,2839,0
38.1306,12,1033,89
38.1625,13,2047,1
38.1945,14,1712,185
38.2265,15,1598,25
38.2584,16,1829,99
38.2905,17,964,8
38.3224,18,2024,0
38.3545,19,1556,-29
38.3864,20,2103,15
38.4186,21,2046,-27
38.4504,22,1311,72
38.4824,23,2065,0
38.5144,24,1682,117
38.5464,25,1727,7
38.5947,3,285,-49
38.6263,4,3528,0
38.6583,5,2049,21
38.6903,6,3456,62
38.7223,7,1911,-10
38.7543,9,1485,-10
38.7863,10,2207,2
38.8185,11,2839,1
38.8502,12,1034,84
38.8823,13,2048,0
38.9143,14,1712,187
38.9463,15,1599,21
38.9782,16,1829,101
39.0102,17,964,4
39.0422,18,2024,0
39.0742,19,1556,-27
39.1062,20,2066,-67
39.1382,21,2046,-28
39.1702,22,1316,28
39.2022,23,2069,-1
39.2344,24,1682,127
39.2662,25,1727,7
39.3149,3,285,-48
39.3461,4,3528,0
39.3782,5,2049,19
39.4101,6,3456,63
39.4421,7,1911,-9
39.4741,9,1484,-11
39.5061,10,2208,0
39.538,11,2839,0
39.5701,12,1036,81
39.6023,13,2048,1
39.6342,14,1714,189
39.6661,15,1598,19
39.6983,16,1829,98
39.7301,17,963,11
39.7621,18,2022,0
39.794,19,1556,-49
39.826,20,2058,0
39.8579,21,2046,-29
39.8899,22,1351,162
39.922,23,2069,0
39.9538,24,1683,117
39.9859,25,1727,8
40.0351,3,284,-45
40.066,4,3529,0
40.0979,5,2050,16
40.1306,6,3456,60
40.1621,7,1911,-14
40.1938,9,1485,-7
40.2258,10,2208,0
40.2579,11,2839,0
40.2898,12,1036,75
40.3218,13,2048,0
40.355,14,1714,167
40.4017,15,1598,22
40.4337,16,1829,98
40.4656,17,963,9
40.4977,18,2022,0
40.5296,19,1556,-24
40.5617,20,2059,-9
40.5936,21,2047,-26
40.6256,22,1355,124
40.6576,23,2069,-1
40.6896,24,1725,192
40.7217,25,1725,14
40.7702,3,285,-46
40.8018,4,3528,0
40.8335,5,2049,19
40.8656,6,3456,61
40.8976,7,1911,-14
40.9295,9,1484,-5
40.9616,10,2204,21
40.9935,11,2839,0
41.0255,12,1068,246
41.0577,13,2048,3
41.0894,14,1714,163
41.1214,15,1598,21
41.1534,16,1829,70
41.1854,17,963,6
41.2176,18,2022,0
41.2495,19,1556,-24
41.2814,20,2059,-9
41.3135,21,2047,-28
41.3455,22,1361,62
41.3773,23,2069,0
41.4093,24,1725,193
41.4413,25,1725,11
41.4898,3,285,-46
41.5214,4,3528,0
41.5533,5,2049,19
41.5853,6,3456,61
41.6173,7,1911,-11
41.6494,9,1484,-7
41.6812,10,2205,17
41.7132,11,2840,0
41.7452,12,1069,219
41.7772,13,2047,5
41.8092,14,1759,218
41.8411,15,1598,23
41.8731,16,1830,78
41.9052,17,963,9
41.9372,18,2022,0
41.9691,19,1556,-24
42.0011,20,2058,-9
42.0337,21,2047,-30
42.0653,22,1361,60
42.0972,23,2069,-1
42.1291,24,1729,143
42.1611,25,1725,15
42.2096,3,285,-48
42.241,4,3528,0
42.2731,5,2049,19
42.305,6,3456,61
42.3369,7,1911,-13
42.3689,9,1485,-7
42.401,10,2205,22
42.4331,11,2839,0
42.4649,12,1073,192
42.497,13,2048,3
42.529,14,1760,217
42.5611,15,1598,23
42.5929,16,1830,83
42.6249,17,963,5
42.6568,18,2021,2
42.6889,19,1556,-66
42.7209,20,2055,-38
42.753,21,2047,-30
42.785,22,1362,56
42.8169,23,2068,0
42.8491,24,1729,150
42.8808,25,1725,15
42.9292,3,285,-48
42.9608,4,3528,0
42.9928,5,2049,17
43.0248,6,3457,61
43.0567,7,1910,-12
43.0887,9,1484,-9
43.1207,10,2204,16
43.1527,11,2839,0
43.1847,12,1078,150
43.2168,13,2047,6
43.2489,14,1760,203
43.2807,15,1598,24
43.3127,16,1831,72
43.3446,17,963,9
43.3766,18,2022,2
43.4086,19,1556,-24
43.4406,20,2046,0
43.4728,21,2047,-26
43.5049,22,1398,198
43.5366,23,2068,0
43.5686,24,1730,139
43.6006,25,1725,13
43.6496,3,285,-48
43.6805,4,3528,0
43.7125,5,2050,8
43.7445,6,3456,61
43.7765,7,1910,-11
43.8085,9,1484,-5
43.8405,10,2204,21
43.8724,11,2839,0
43.9044,12,1078,138
43.9364,13,2047,3
43.9684,14,1761,196
44.0004,15,1598,22
44.0324,16,1831,70
44.0646,17,962,14
44.0964,18,2021,2
44.1283,19,1556,-37
44.1603,20,2050,-7
44.1927,21,2047,-26
44.2245,22,1401,147
44.2563,23,2069,-5
44.2883,24,1771,225
44.3203,25,1725,18
44.3688,3,285,-48
44.4003,4,3528,0
44.4323,5,2049,13
44.4644,6,3456,61
44.4963,7,1910,-14
44.5282,9,1484,-4
44.5602,10,2203,25
44.5923,11,2839,0
44.6242,12,1110,324
44.6562,13,2047,6
44.6882,14,1762,178
44.7202,15,1598,22
44.7522,16,1832,47
44.7842,17,962,13
44.8162,18,2022,3
44.8483,19,1556,-34
44.8801,20,2050,-9
44.9128,21,2047,-28
44.9448,22,1408,92
44.9762,23,2068,-2
45.0081,24,1771,220
45.0401,25,1724,17
45.0889,3,285,-45
45.1201,4,3528,0
45.1521,5,2049,18
45.184,6,3456,58
45.216,7,1911,-7
45.248,9,1484,-3
45.2801,10,2203,24
45.312,11,2839,0
45.344,12,1115,272
45.376,13,2047,3
45.4079,14,1804,237
45.4399,15,1598,24
45.4719,16,1832,58
45.5039,17,963,10
45.5359,18,2021,3
45.5681,19,1556,-23
45.6001,20,2050,-4
45.6326,21,2047,-30
45.6645,22,1408,89
45.696,23,2068,-1
45.728,24,1771,206
45.7598,25,1725,21
45.8091,3,284,-47
45.8398,4,3528,0
45.8718,5,2049,13
45.9038,6,3456,61
45.9357,7,1910,-9
45.9678,9,1484,-4
45.9997,10,2204,21
46.0316,11,2839,0
46.0638,12,1122,198
46.0957,13,2047,3
46.1277,14,1805,237
46.1596,15,1598,22
46.1916,16,1833,44
46.2238,17,962,14
46.2557,18,2020,6
46.2877,19,1557,-25
46.3197,20,2044,15
46.352,21,2047,-27
46.3843,22,1444,230
46.4158,23,2068,-1
46.4477,24,1776,179
46.4796,25,1725,17
46.5278,3,285,-44
46.5595,4,3528,0
46.5917,5,2050,8
46.6235,6,3456,61
46.6555,7,1911,-13
46.6876,9,1484,-5
46.7196,10,2203,24
46.7516,11,2839,0
46.7836,12,1122,199
46.8156,13,2047,4
46.8475,14,1809,222
46.8795,15,1598,23
46.9115,16,1833,53
46.9435,17,961,16
46.9755,18,2021,3
47.0075,19,1556,-47
47.0394,20,2045,4
47.072,21,2047,-30
47.1037,22,1450,174
47.1354,23,2069,0
47.1674,24,1818,256
47.1993,25,1724,16
47.2485,3,285,-46
47.2794,4,3528,0
47.3113,5,2050,14
47.3433,6,3456,62
47.3753,7,1910,-12
47.4073,9,1484,-5
47.4392,10,2202,26
47.4712,11,2839,1
47.5033,12,1160,318
47.5353,13,2047,4
47.5673,14,1809,196
47.5993,15,1598,24
47.6312,16,1834,29
47.6634,17,961,17
47.6952,18,2021,3
47.7271,19,1556,-26
47.7592,20,2050,-12
47.7914,21,2047,-28
47.8234,22,1456,101
47.8551,23,2069,-3
47.8875,24,1822,216
47.9191,25,1724,21
47.9676,3,284,-44
47.9992,4,3528,0
48.0311,5,2049,16
48.0634,6,3456,61
48.0951,7,1910,-11
48.1271,9,1484,-3
48.1591,10,2203,26
48.1911,11,2839,1
48.223,12,1163,271
48.255,13,2047,3
48.287,14,1858,218
48.319,15,1597,26
48.3509,16,1836,44
48.3829,17,961,17
48.4149,18,2021,3
48.4469,19,1556,-49
48.4789,20,2049,-6
48.5112,21,2047,-28
48.5431,22,1456,102
48.5749,23,2068,-2
48.6069,24,1825,188
48.6388,25,1724,20
48.6873,3,284,-47
48.7188,4,3528,0
48.7508,5,2050,14
48.7828,6,3457,61
48.8148,7,1910,-9
48.8468,9,1483,0
48.8789,10,2204,20
48.9108,11,2839,0
48.9428,12,1173,198
48.9746,13,2047,3
49.0068,14,1859,223
49.0387,15,1598,24
49.0707,16,1836,43
49.1027,17,961,18
49.1347,18,2021,6
49.1667,19,1556,-38
49.1987,20,2043,21
49.2309,21,2047,-29
49.2629,22,1496,213
49.2947,23,2069,-2
49.3266,24,1828,152
49.3586,25,1725,16
49.4073,3,284,-44
49.4386,4,3528,0
49.4705,5,2051,2
49.5026,6,3456,59
49.5346,7,1910,-12
49.5666,9,1484,-5
49.5986,10,2203,25
49.6306,11,2840,0
49.6626,12,1173,205
49.6945,13,2047,3
49.7265,14,1860,195
49.7584,15,1597,31
49.7904,16,1836,44
49.8225,17,961,19
49.8544,18,2020,6
49.8864,19,1556,-45
49.9184,20,2044,10
49.9506,21,2047,-25
49.9825,22,1502,163
50.0144,23,2069,-2
50.0463,24,1869,251
50.0785,25,1724,21
50.1268,3,285,-43
50.1583,4,3529,0
50.1902,5,2050,13
50.2223,6,3456,61
50.2542,7,1911,-10
50.2862,9,1482,0
50.3182,10,2203,25
50.3502,11,2839,2
50.3822,12,1208,334
50.4142,13,2047,3
50.4462,14,1861,185
50.4782,15,1598,23
50.5102,16,1836,38
50.5422,17,961,19
50.5741,18,2021,3
50.6061,19,1556,-22
50.6381,20,2049,-5
50.6706,21,2047,-29
50.7028,22,1504,121
50.7342,23,2068,-3
50.7661,24,1871,231
50.798,25,1724,24
50.8465,3,285,-43
50.8782,4,3528,0
50.91,5,2050,12
50.9419,6,3456,62
50.974,7,1910,-8
51.0059,9,1483,0
51.0379,10,2203,25
51.0699,11,2840,2
51.1019,12,1212,264
51.1341,13,2047,0
51.1659,14,1905,249
51.198,15,1597,26
51.23,16,1836,39
51.2619,17,961,18
51.294,18,2021,2
51.3258,19,1556,-29
51.3578,20,2049,-4
51.39,21,2047,-30
51.422,22,1505,106
51.4538,23,2069,0
51.4858,24,1872,215
51.5178,25,1724,26
51.5666,3,285,-45
51.5978,4,3528,0
51.6298,5,2050,11
51.6621,6,3456,61
51.6938,7,1910,-7
51.7256,9,1483,0
51.7578,10,2203,17
51.7898,11,2840,1
51.8217,12,1224,206
51.8542,13,2047,3
51.8859,14,1907,231
51.9176,15,1597,28
51.9497,16,1836,35
51.9817,17,961,14
52.0137,18,2020,7
52.0458,19,1557,-31
52.0777,20,2043,17
52.1101,21,2047,-31
52.142,22,1547,213
52.1736,23,2068,-1
52.2056,24,1880,167
52.2376,25,1724,20
52.2865,3,285,-47
52.3176,4,3528,0
52.3496,5,2051,3
52.3816,6,3456,61
52.4136,7,1910,-13
52.4455,9,1483,0
52.4777,10,2204,22
52.5135,11,2839,1
52.5414,12,1224,189
52.5736,13,2047,3
52.6055,14,1910,204
52.6374,15,1598,28
52.6694,16,1836,40
52.7017,17,961,18
52.7334,18,2020,6
52.7655,19,1557,-23
52.7974,20,2045,4
52.83,21,2047,-32
52.8616,22,1551,161
52.8934,23,2068,-6
52.9254,24,1922,224
52.9574,25,1724,22
53.006,3,285,-45
53.0373,4,3528,0
53.0692,5,2050,12
53.1012,6,3456,62
53.1332,7,1911,-12
53.1653,9,1480,4
53.1972,10,2203,25
53.2292,11,2839,2
53.2612,12,1260,316
53.2935,13,2047,3
53.3252,14,1913,176
53.3572,15,1598,25
53.3892,16,1837,35
53.4212,17,961,22
53.4532,18,2021,3
53.4851,19,1556,-29
53.5174,20,2050,-9
53.5494,21,2047,-30
53.5814,22,1557,85
53.6132,23,2069,-4
53.6451,24,1923,220
53.6774,25,1725,23
53.7255,3,285,-44
53.7571,4,3528,0
53.7891,5,2050,13
53.8211,6,3457,62
53.853,7,1910,-9
53.885,9,1480,4
53.9171,10,2203,25
53.949,11,2839,1
53.981,12,1266,239
54.0132,13,2047,5
54.045,14,1956,230
54.077,15,1597,28
54.1091,16,1836,40
54.1409,17,961,18
54.1729,18,2021,2
54.2049,19,1557,-50
54.2369,20,2049,-7
54.269,21,2047,-31
54.3014,22,1557,93
54.3328,23,2068,0
54.3648,24,1928,162
54.3968,25,1725,25
54.4451,3,284,-44
54.4768,4,3528,0
54.509,5,2051,6
54.5408,6,3457,61
54.5728,7,1910,-5
54.6048,9,1481,0
54.6368,10,2204,17
54.6688,11,2839,1
54.7007,12,1275,169
54.7329,13,2047,4
54.7647,14,1957,230
54.7967,15,1597,28
54.8287,16,1836,42
54.8607,17,961,19
54.8929,18,2020,6
54.9246,19,1557,-25
54.9566,20,2043,10
54.9888,21,2047,-32
55.0208,22,1599,176
55.0526,23,2069,-2
55.0846,24,1932,114
55.1166,25,1725,20
55.1651,3,284,-46
55.1966,4,3529,0
55.2285,5,2051,7
55.2605,6,3456,61
55.2926,7,1911,-14
55.3245,9,1481,0
55.3565,10,2204,15
55.3884,11,2840,1
55.4204,12,1275,177
55.4526,13,2047,6
55.4844,14,1957,228
55.5164,15,1597,23
55.5484,16,1836,40
55.5805,17,961,24
55.6124,18,2020,5
55.6444,19,1557,-61
55.6764,20,2045,4
55.7086,21,2047,-31
55.7407,22,1605,120
55.7723,23,2068,-1
55.8043,24,1974,197
55.8363,25,1725,22
55.8845,3,284,-43
55.9163,4,3528,0
55.9483,5,2050,13
55.9803,6,3456,61
56.0123,7,1910,-12
56.0442,9,1479,4
56.0763,10,2204,22
56.1084,11,2839,2
56.1402,12,1312,301
56.1725,13,2046,5
56.2041,14,1965,152
56.2362,15,1598,24
56.2682,16,1836,44
56.3002,17,961,24
56.3321,18,2021,3
56.3641,19,1556,-27
56.3961,20,2050,-12
56.4282,21,2048,-31
56.461,22,1611,57
56.4922,23,2069,-3
56.5242,24,1979,154
56.5561,25,1724,21
56.6045,3,285,-47
56.636,4,3528,0
56.668,5,2050,13
56.7,6,3456,62
56.732,7,1910,-9
56.764,9,1480,5
56.796,10,2204,20
56.828,11,2840,2
56.8602,12,1314,264
56.8927,13,2046,5
56.924,14,1976,158
56.9559,15,1598,22
56.9882,16,1836,43
57.0201,17,961,21
57.0519,18,2020,7
57.0839,19,1557,-52
57.1159,20,2050,-11
57.1482,21,2047,-31
57.1802,22,1611,58
57.2119,23,2069,-1
57.2439,24,1979,155
57.2759,25,1724,25
57.3247,3,284,-45
57.3558,4,3528,0
57.3878,5,2050,4
57.4197,6,3456,64
57.4516,7,1910,-4
57.4838,9,1480,5
57.5157,10,2204,18
57.5478,11,2839,2
57.5798,12,1325,170
57.6124,13,2046,5
57.6438,14,1977,158
57.6758,15,1597,23
57.7078,16,1836,42
57.7398,17,962,23
57.7717,18,2020,7
57.8037,19,1556,-72
57.8357,20,2044,11
57.8684,21,2047,-33
57.9007,22,1652,149
57.9316,23,2069,-2
57.9652,24,1982,119
58.0117,25,1725,20
58.0773,3,285,-45
58.1077,4,3528,0
58.1395,5,2051,9
58.1715,6,3456,63
58.2035,7,1911,-13
58.2356,9,1480,5
58.2675,10,2204,18
58.2994,11,2840,0
58.3315,12,1325,167
58.3636,13,2046,5
58.3954,14,1977,157
58.4274,15,1597,23
58.4594,16,1836,45
58.4914,17,961,24
58.5236,18,2021,7
58.5554,19,1557,-23
58.5873,20,2047,0
58.6196,21,2047,-32
58.6515,22,1655,117
58.6833,23,2069,-1
58.7153,24,2010,200
58.7473,25,1724,19
58.7957,3,285,-44
58.8273,4,3528,0
58.8593,5,2050,15
58.8913,6,3456,62
58.9234,7,1910,-9
58.9552,9,1479,10
58.9873,10,2203,24
59.0192,11,2839,0
59.0513,12,1360,278
59.0834,13,2046,6
59.1153,14,1982,117
59.1472,15,1598,22
59.1791,16,1836,42
59.2111,17,961,23
59.2431,18,2021,5
59.2751,19,1556,-31
59.3073,20,2050,-10
59.3393,21,2047,-35
59.3712,22,1663,52
59.403,23,2069,-1
59.435,24,2012,176
59.4671,25,1724,23
59.5155,3,284,-45
59.547,4,3528,0
59.579,5,2051,3
59.611,6,3457,62
59.643,7,1910,-4
59.675,9,1480,5
59.707,10,2204,23
59.7391,11,2840,0
59.771,12,1370,219
59.8031,13,2046,6
59.835,14,1982,114
59.8671,15,1598,22
59.8989,16,1836,41
59.9309,17,961,24
59.9629,18,2020,4
59.9949,19,1556,-44
60.0269,20,2044,12
60.0591,21,2047,-33
60.0914,22,1704,116
60.123,23,2068,0
60.1548,24,2020,100
60.1868,25,1725,20
60.235,3,284,-45
60.2668,4,3528,0
60.2988,5,2050,11
60.3307,6,3456,62
60.3627,7,1910,-10
60.3948,9,1479,11
60.4267,10,2202,30
60.4588,11,2841,0
60.4907,12,1406,322
60.523,13,2046,6
60.5547,14,1987,63
60.5866,15,1598,22
60.6187,16,1838,19
60.6506,17,960,26
60.6827,18,2021,4
60.7146,19,1556,-43
60.7466,20,2050,-9
60.7789,21,2047,-32
60.8108,22,1711,65
60.8426,23,2069,-5
60.8746,24,2020,92
60.9066,25,1725,21
60.9554,3,284,-46
60.9865,4,3528,0
61.0185,5,2051,1
61.0505,6,3456,61
61.0825,7,1910,-10
61.1145,9,1479,10
61.1464,10,2202,26
61.1785,11,2840,0
61.2104,12,1417,264
61.2426,13,2046,6
61.2744,14,1987,64
61.3066,15,1598,22
61.3384,16,1840,14
61.3703,17,960,23
61.4023,18,2020,5
61.4343,19,1556,-36
61.4664,20,2044,16
61.4985,21,2047,-32
61.5306,22,1752,158
61.5625,23,2069,-3
61.5943,24,2025,52
61.6263,25,1725,18
61.6748,3,284,-43
61.7065,4,3528,0
61.7383,5,2051,2
61.7703,6,3456,60
61.8022,7,1911,-12
61.8342,9,1479,11
61.8662,10,2202,32
61.8982,11,2843,-1
61.9302,12,1457,345
61.9628,13,2046,7
61.9941,14,1990,35
62.0262,15,1599,21
62.0581,16,1841,10
62.0902,17,960,26
62.1224,18,2021,4
62.1541,19,1556,-53
62.1861,20,2049,-3
62.2182,21,2048,-32
62.2504,22,1759,81
62.2821,23,2068,-2
62.314,24,2025,53
62.3476,25,1725,18
62.3951,3,284,-46
62.4261,4,3528,0
62.458,5,2053,4
62.49,6,3457,61
62.5221,7,1910,-9
62.5541,9,1479,11
62.586,10,2202,34
62.618,11,2840,0
62.65,12,1467,270
62.6826,13,2046,6
62.7141,14,1990,39
62.746,15,1599,20
62.778,16,1846,-2
62.81,17,960,26
62.8418,18,2020,4
62.8739,19,1556,-27
62.9059,20,2043,17
62.9381,21,2047,-31
62.9701,22,1801,146
63.0019,23,2069,-1
63.0339,24,2029,27
63.0662,25,1725,12
63.1145,3,284,-43
63.1458,4,3528,0
63.1778,5,2052,1
63.2098,6,3456,61
63.2418,7,1910,-9
63.2738,9,1479,12
63.3058,10,2202,32
63.3379,11,2844,-4
63.3697,12,1505,328
63.402,13,2046,9
63.4337,14,1992,29
63.4657,15,1599,19
63.4976,16,1847,-3
63.5296,17,960,25
63.5621,18,2021,4
63.5936,19,1556,-26
63.6256,20,2048,-1
63.6577,21,2047,-33
63.6901,22,1807,94
63.7217,23,2069,-2
63.7535,24,2029,26
63.7855,25,1726,14
63.834,3,284,-43
63.8655,4,3528,0
63.8975,5,2057,-2
63.9295,6,3457,47
63.9614,7,1910,-10
63.9934,9,1479,11
64.0254,10,2202,34
64.0574,11,2843,0
64.0894,12,1520,232
64.122,13,2046,8
64.1534,14,1992,30
64.1854,15,1599,20
64.2174,16,1846,-7
64.2493,17,961,27
64.2813,18,2020,3
64.3133,19,1556,-33
64.3453,20,2042,25
64.3774,21,2047,-31
64.4093,22,1853,122
64.4413,23,2069,0
64.4733,24,2031,14
64.5053,25,1727,7
64.5544,3,284,-44
64.5852,4,3528,0
64.6171,5,2052,0
64.6492,6,3457,52
64.6812,7,1911,-10
64.7132,9,1478,11
64.7451,10,2200,48
64.7771,11,2844,-3
64.8091,12,1565,226
64.8413,13,2046,8
64.8732,14,1994,15
64.905,15,1599,19
64.9372,16,1847,-6
64.9691,17,960,27
65.0011,18,2020,3
65.033,19,1556,-41
65.0651,20,2044,6
65.0971,21,2047,-32
65.1293,22,1859,85
65.1611,23,2068,0
65.193,24,2031,15
65.2249,25,1729,2
65.2733,3,284,-44
65.3049,4,3528,0
65.3371,5,2057,-3
65.3689,6,3457,49
65.4009,7,1910,-9
65.4328,9,1479,13
65.4648,10,2201,42
65.4968,11,2844,-1
65.5288,12,1575,182
65.5616,13,2046,7
65.5928,14,1994,16
65.6248,15,1599,19
65.6568,16,1847,-9
65.6888,17,960,24
65.7207,18,2021,2
65.7529,19,1557,-39
65.7848,20,2042,23
65.817,21,2047,-32
65.8489,22,1906,112
65.8807,23,2068,0
65.9127,24,2032,6
65.9452,25,1730,0
65.9933,3,285,-43
66.0248,4,3528,0
66.0567,5,2053,-1
66.0887,6,3457,53
66.1206,7,1911,-9
66.1527,9,1479,13
66.1846,10,2201,46
66.2166,11,2845,-6
66.2486,12,1621,228
66.2808,13,2046,8
66.3126,14,1998,0
66.3445,15,1599,18
66.3765,16,1843,0
66.4085,17,960,26
66.4405,18,2021,3
66.4725,19,1556,-38
66.5045,20,2048,0
66.5372,21,2047,-32
66.5687,22,1911,70
66.6005,23,2068,0
66.6325,24,2032,6
66.6645,25,1730,0
66.7128,3,284,-45
66.7444,4,3528,0
66.7764,5,2056,0
66.8084,6,3459,40
66.8404,7,1910,-9
66.8724,9,1479,9
66.9044,10,2202,46
66.9365,11,2845,-5
66.9683,12,1631,130
67.0005,13,2046,9
67.0324,14,1998,0
67.0643,15,1599,20
67.0963,16,1846,-1
67.1283,17,961,26
67.1602,18,2022,0
67.1923,19,1556,-37
67.2243,20,2043,16
67.2564,21,2047,-31
67.2885,22,1959,81
67.3203,23,2067,0
67.3524,24,2037,-11
67.3841,25,1730,0
67.4326,3,284,-47
67.4642,4,3528,0
67.4962,5,2053,0
67.5282,6,3458,47
67.5602,7,1910,-9
67.5921,9,1479,8
67.6241,10,2201,48
67.6561,11,2845,-7
67.6881,12,1649,203
67.7203,13,2046,8
67.7523,14,1998,0
67.7841,15,1599,19
67.816,16,1846,-2
67.8481,17,960,29
67.8802,18,2022,0
67.912,19,1556,-37
67.944,20,2043,13
67.9767,21,2048,-32
68.0082,22,1961,57
68.04,23,2068,0
68.0719,24,2037,-11
68.1039,25,1730,0
68.1526,3,284,-46
68.1839,4,3528,0
68.2159,5,2057,-5
68.2479,6,3458,47
68.2799,7,1910,-14
68.3119,9,1480,6
68.3438,10,2201,47
68.3758,11,2845,-4
68.4079,12,1651,174
68.44,13,2046,9
68.4718,14,1998,-1
68.5038,15,1599,20
68.5358,16,1847,-2
68.5678,17,961,25
68.5999,18,2022,0
68.632,19,1556,-37
68.6638,20,2043,15
68.696,21,2048,-32
68.7283,22,1972,84
68.7599,23,2067,0
68.7918,24,2037,-11
68.8238,25,1730,0
68.9041,3,284,-46
68.9357,4,3528,0
68.9679,5,2056,-6
68.9997,6,3458,47
69.0317,7,1910,-9
69.0637,9,1479,9
69.0957,10,2201,47
69.1276,11,2845,-6
69.1596,12,1651,186
69.1919,13,2046,9
69.2236,14,1998,-1
69.2557,15,1647,5
69.2876,16,1846,-3
69.3196,17,961,27
69.3515,18,2021,0
69.3835,19,1556,-42
69.4155,20,2043,20
69.4478,21,2047,-33
69.4798,22,1972,-999
69.5455,23,2067,0
69.5757,24,2037,-12
69.6074,25,1730,0
69.6559,3,284,-46
69.6874,4,3528,0
69.7194,5,2056,-7
69.7515,6,3458,47
69.7835,7,1910,-14
69.8155,9,1479,9
69.8474,10,2201,46
69.8794,11,2845,-6
69.9114,12,1651,182
69.9438,13,2046,8
69.9756,14,1998,0
70.0073,15,1646,6
70.0393,16,1846,-2
70.0713,17,961,25
70.1033,18,2022,0
70.1353,19,1556,-37
70.1674,20,2043,18
70.1995,21,2047,-33
70.2315,22,1972,85
70.2632,23,2067,0
70.2952,24,2037,-11
70.3272,25,1778,0
70.3758,3,285,-46
70.4071,4,3528,0
70.4391,5,2056,-6
70.4712,6,3458,48
70.5031,7,1911,-9
70.5351,9,1480,10
70.5673,10,2201,47
70.5991,11,2845,-6
70.6311,12,1651,184
70.6634,13,2046,9
70.6951,14,1999,-3
70.7271,15,1697,6
70.7591,16,1846,-1
70.7913,17,961,25
70.8231,18,2022,0
70.855,19,1556,-38
70.8869,20,2043,17
70.9192,21,2047,-32
70.9515,22,1972,85
70.9829,23,2067,0
71.0149,24,2037,-11
71.0469,25,1779,0
71.0954,3,284,-46
71.1269,4,3528,0
71.1588,5,2056,-7
71.191,6,3458,48
71.2229,7,1910,-12
71.2548,9,1479,11
71.2869,10,2201,46
71.3188,11,2845,-6
71.3509,12,1651,184
71.383,13,2046,9
71.4147,14,1998,-4
71.4467,15,1697,6
71.4788,16,1846,-1
71.5108,17,961,25
71.5427,18,2022,0
71.5752,19,1556,-38
71.6068,20,2043,17
71.6389,21,2047,-32
71.6709,22,1972,85
71.7027,23,2067,0
71.7346,24,2037,-11
71.7668,25,1829,0
71.8151,3,284,-46
71.8467,4,3528,0
71.8786,5,2056,-6
71.9107,6,3458,48
71.9426,7,1910,-10
71.9745,9,1479,5
72.0065,10,2201,45
72.0385,11,2845,-7
72.0705,12,1651,187
72.1027,13,2046,8
72.1346,14,1998,-1
72.1667,15,1747,5
72.1985,16,1846,-1
72.2305,17,960,26
72.2625,18,2022,0
72.2944,19,1556,-41
72.3265,20,2044,17
72.3586,21,2047,-32
72.3908,22,1972,84
72.4224,23,2067,0
72.4545,24,2037,-11
72.4864,25,1829,0
72.5348,3,284,-47
72.5665,4,3528,0
72.5983,5,2056,-7
72.6303,6,3458,48
72.6623,7,1911,-12
72.6943,9,1479,11
72.7263,10,2201,45
72.7583,11,2844,-6
72.7902,12,1651,186
72.8226,13,2046,8
72.8543,14,1998,-5
72.8862,15,1747,5
72.9182,16,1846,-1
72.9502,17,961,25
72.9824,18,2022,0
73.0142,19,1556,-36
73.0462,20,2043,17
73.0783,21,2047,-33
73.1104,22,1972,83
73.1421,23,2067,0
73.1741,24,2037,-11
73.206,25,1878,4
73.2545,3,284,-46
73.2861,4,3528,0
73.3181,5,2056,-7
73.3501,6,3458,47
73.3826,7,1910,-9
73.414,9,1480,6
73.4461,10,2201,46
73.4781,11,2844,-6
73.5101,12,1652,157
73.5422,13,2046,8
73.574,14,1998,0
73.6059,15,1794,28
73.638,16,1841,3
73.67,17,961,30
73.702,18,2022,0
73.7339,19,1557,-36
73.7661,20,2043,18
73.7981,21,2047,-33
73.8301,22,1972,84
73.8619,23,2067,0
73.8938,24,2037,-12
73.9259,25,1881,0
73.9743,3,284,-46
74.0059,4,3528,0
74.0378,5,2056,-8
74.0698,6,3458,47
74.1018,7,1910,-13
74.1339,9,1479,11
74.1661,10,2201,46
74.1979,11,2845,-6
74.2301,12,1652,156
74.2622,13,2046,9
74.2938,14,1999,-4
74.3257,15,1794,19
74.3577,16,1841,6
74.39,17,961,29
74.4218,18,2022,0
74.4537,19,1556,-37
74.4857,20,2043,17
74.5179,21,2047,-32
74.5505,22,1974,74
74.582,23,2066,0
74.6137,24,2037,-10
74.6457,25,1926,9
74.6943,3,284,-46
74.7256,4,3528,0
74.7576,5,2056,-7
74.7896,6,3458,48
74.8216,7,1910,-9
74.8537,9,1479,7
74.8856,10,2202,44
74.9175,11,2845,-7
74.9495,12,1654,139
74.9817,13,2046,10
75.0135,14,-1,0
75.0821,15,1840,52
75.1094,16,1841,9
75.1414,17,961,24
75.1734,18,2022,0
75.2055,19,1557,-39
75.2374,20,2043,12
75.2697,21,2047,-32
75.3017,22,1974,74
75.3336,23,2066,0
75.3654,24,2037,-11
75.3974,25,1927,4
75.4461,3,284,-46
75.4773,4,3528,0
75.5093,5,2055,-3
75.5412,6,3458,47
75.5733,7,1910,-15
75.6052,9,1480,9
75.6372,10,2201,42
75.6693,11,2845,-7
75.7012,12,1654,136
75.7334,13,2046,9
75.7653,14,1998,-1
75.7974,15,1842,40
75.8292,16,1841,9
75.8612,17,961,23
75.8931,18,2022,0
75.9251,19,1556,-41
75.9571,20,2044,7
75.9896,21,2047,-33
76.0213,22,1975,63
76.0531,23,2065,0
76.085,24,2036,-6
76.1171,25,1974,28
76.1657,3,284,-47
76.1971,4,3529,0
76.2291,5,2055,-4
76.2611,6,3458,47
76.2931,7,1910,-9
76.325,9,1480,7
76.3571,10,2202,34
76.3889,11,2845,-7
76.421,12,1658,105
76.4532,13,2046,8
76.485,14,1995,14
76.5169,15,1887,65
76.5489,16,1841,10
76.581,17,961,25
76.6129,18,2022,0
76.6449,19,1556,-46
76.6769,20,2046,3
76.7091,21,2047,-32
76.7411,22,1975,56
76.7729,23,2065,0
76.8048,24,2036,-8
76.8368,25,1976,16
76.8851,3,284,-46
76.9168,4,3529,0
76.9488,5,2055,-2
76.9808,6,3458,47
77.0127,7,1911,-12
77.0447,9,1480,7
77.0767,10,2202,30
77.1087,11,2845,-6
77.1407,12,1658,107
77.1728,13,2046,9
77.2048,14,1997,0
77.237,15,1889,63
77.2687,16,1841,16
77.3007,17,961,25
77.3327,18,2022,0
77.3646,19,1556,-39
77.3967,20,2047,0
77.4287,21,2048,-31
77.4608,22,1977,43
77.4925,23,2065,0
77.5245,24,2036,-5
77.5565,25,2017,32
