time,motor,position,current
0.113424,3,610,-9
0.143453,4,3528,0
0.175429,5,2044,0
0.207388,6,2988,0
0.239297,7,1911,0
0.271258,8,2620,0
0.303285,9,1489,0
0.335268,10,2216,0
0.367275,11,2837,0
0.399217,12,988,0
0.43126,13,2045,0
0.463294,14,1586,0
0.495192,15,1674,0
0.527261,16,1735,0
0.559321,17,930,0
0.591387,18,2020,0
0.62354,19,1807,0
0.655515,20,1982,0
0.687218,21,2070,0
0.719189,22,1391,0
0.751168,23,2066,0
0.783206,24,1599,0
0.815243,25,1813,0
0.863958,3,592,-21
0.895158,4,3528,0
0.927207,5,2043,0
0.959082,6,2988,0
1.00705,7,1910,0
1.03915,8,2620,0
1.07116,9,1489,0
1.10317,10,2216,0
1.13504,11,2837,0
1.16708,12,988,0
1.1991,13,2044,0
1.23109,14,1586,0
1.26308,15,1674,0
1.29498,16,1736,0
1.32698,17,929,0
1.35894,18,2020,0
1.39093,19,1807,0
1.42294,20,1982,0
1.45494,21,2071,0
1.48695,22,1391,0
1.5189,23,2066,0
1.55085,24,1599,0
1.58286,25,1813,0
1.75926,3,593,-21
1.79082,4,3529,0
1.82278,5,2043,0
1.85482,6,2988,0
1.8868,7,1911,0
1.91877,8,2620,0
1.95075,9,1488,0
1.98273,10,2216,0
2.01471,11,2837,0
2.04674,12,988,0
2.07872,13,2045,0
2.11072,14,1586,0
2.14268,15,1674,0
2.17472,16,1735,0
2.20664,17,930,0
2.23862,18,2021,0
2.27064,19,1786,-41
2.30261,20,1982,0
2.33465,21,2070,0
2.36661,22,1391,0
2.39857,23,2066,0
2.43055,24,1599,0
2.46257,25,1813,0
2.51099,3,592,-19
2.54254,4,3528,0
2.57457,5,2044,0
2.60651,6,3013,0
2.63851,7,1910,0
2.67051,8,2620,0
2.70251,9,1488,0
2.73449,10,2216,0
2.76644,11,2837,0
2.79838,12,988,5
2.83044,13,2045,0
2.86237,14,1586,0
2.89442,15,1674,0
2.92641,16,1735,0
2.95839,17,930,0
2.99029,18,2020,0
3.02233,19,1786,-35
3.05435,20,1983,0
3.08632,21,2071,0
3.11827,22,1389,5
3.15032,23,2066,0
3.18231,24,1599,0
3.21427,25,1813,0
3.26265,3,592,-15
3.29424,4,3528,0
3.32615,5,2044,0
3.35818,6,3013,0
3.39021,7,1911,-15
3.42226,8,2620,0
3.4542,9,1489,0
3.48613,10,2216,0
3.51817,11,2837,0
3.5502,12,987,6
3.5822,13,2045,0
3.61408,14,1586,0
3.64617,15,1674,0
3.67813,16,1735,0
3.7101,17,930,0
3.74212,18,2020,0
3.77414,19,1786,-18
3.80611,20,1983,0
3.8381,21,2071,0
3.87006,22,1389,7
3.90204,23,2066,0
3.93406,24,1599,0
3.96603,25,1813,0
4.01443,3,592,-15
4.04601,4,3529,0
4.07797,5,2043,0
4.11002,6,3013,0
4.14198,7,1911,-15
4.17395,8,2638,28
4.20594,9,1489,0
4.23793,10,2216,0
4.26991,11,2837,0
4.30186,12,987,5
4.33402,13,2045,0
4.36592,14,1586,0
4.39839,15,1674,0
4.43007,16,1735,0
4.462,17,930,0
4.49387,18,2020,0
4.52595,19,1786,-15
4.55801,20,1983,0
4.58989,21,2071,0
4.62224,22,1389,3
4.65387,23,2066,0
4.68584,24,1599,0
4.71782,25,1813,0
4.76667,3,590,-35
4.79788,4,3528,0
4.82985,5,2044,0
4.86176,6,3014,0
4.8938,7,1911,-13
4.9258,8,2639,26
4.95775,9,1489,0
4.98971,10,2216,0
5.0217,11,2837,0
5.05366,12,987,2
5.08576,13,2045,0
5.11768,14,1585,0
5.14971,15,1674,0
5.18187,16,1734,0
5.21366,17,930,0
5.24557,18,2020,0
5.27767,19,1785,-16
5.30962,20,1982,0
5.3416,21,2071,0
5.3736,22,1389,7
5.40557,23,2066,0
5.43752,24,1599,0
5.46952,25,1813,0
5.51823,3,568,-23
5.54953,4,3528,0
5.58152,5,2044,0
5.61352,6,3013,0
5.64546,7,1911,-19
5.6775,8,2638,22
5.7095,9,1489,0
5.74152,10,2216,0
5.77351,11,2837,0
5.80537,12,987,4
5.8374,13,2045,0
5.8694,14,1586,0
5.90143,15,1674,0
5.93332,16,1735,0
5.96531,17,930,0
5.99734,18,2020,0
6.02939,19,1761,-41
6.06133,20,1983,0
6.09332,21,2071,0
6.12534,22,1389,7
6.15733,23,2066,0
6.18936,24,1599,0
6.22125,25,1813,0
6.26951,3,568,-17
6.30122,4,3528,0
6.33319,5,2044,0
6.3652,6,3038,0
6.39717,7,1911,-13
6.42917,8,2639,22
6.46116,9,1489,0
6.49319,10,2216,0
6.52509,11,2837,0
6.5571,12,987,5
6.5891,13,2045,0
6.6211,14,1586,0
6.65305,15,1674,0
6.68511,16,1733,0
6.7171,17,930,0
6.74901,18,2020,0
6.78104,19,1761,-40
6.81303,20,1983,0
6.84506,21,2071,0
6.87704,22,1389,7
6.90907,23,2066,0
6.9409,24,1599,0
6.9729,25,1813,0
7.02122,3,568,-20
7.05286,4,3528,0
7.08498,5,2043,0
7.11698,6,3035,5
7.14891,7,1910,-16
7.18093,8,2645,26
7.21294,9,1488,0
7.2449,10,2216,0
7.27692,11,2837,0
7.30893,12,987,5
7.34087,13,2045,0
7.37316,14,1586,0
7.40506,15,1674,0
7.43698,16,1734,0
7.469,17,930,0
7.50098,18,2020,0
7.53288,19,1761,-41
7.56522,20,1983,0
7.59681,21,2071,0
7.62883,22,1389,7
7.66117,23,2066,0
7.69312,24,1599,0
7.72489,25,1813,0
7.77356,3,566,-48
7.80508,4,3529,0
7.83689,5,2043,0
7.8688,6,3037,0
7.90082,7,1910,-16
7.93284,8,2645,31
7.96473,9,1489,0
7.99671,10,2216,0
8.02874,11,2837,0
8.06075,12,987,4
8.09293,13,2045,0
8.12499,14,1586,0
8.15688,15,1674,0
8.18878,16,1733,0
8.22061,17,930,0
8.25269,18,2020,0
8.28472,19,1761,-41
8.31658,20,1982,0
8.3486,21,2071,0
8.38061,22,1389,7
8.41284,23,2066,0
8.44468,24,1599,0
8.47664,25,1813,0
8.52541,3,544,-27
8.55655,4,3528,0
8.58865,5,2044,0
8.62059,6,3037,0
8.65257,7,1911,-18
8.68467,8,2645,27
8.7167,9,1489,0
8.74857,10,2216,0
8.78086,11,2837,0
8.81279,12,987,3
8.84474,13,2045,0
8.87683,14,1586,0
8.90867,15,1674,0
8.94065,16,1733,3
8.9725,17,930,0
9.00443,18,2020,0
9.03644,19,1736,-43
9.06841,20,1982,0
9.1003,21,2071,0
9.13241,22,1389,8
9.1644,23,2066,0
9.19637,24,1599,0
9.22835,25,1813,0
9.2766,3,544,-25
9.30878,4,3528,0
9.34033,5,2043,0
9.37229,6,3062,0
9.40433,7,1910,-13
9.43622,8,2645,23
9.46824,9,1489,0
9.50023,10,2216,0
9.53222,11,2837,0
9.5642,12,987,4
9.5962,13,2045,0
9.62817,14,1586,0
9.66013,15,1674,0
9.69213,16,1732,3
9.72412,17,930,0
9.75612,18,2020,0
9.78807,19,1736,-43
9.82007,20,1983,0
9.85204,21,2071,0
9.88409,22,1389,7
9.91601,23,2066,0
9.94805,24,1599,0
9.98002,25,1813,0
10.0285,3,541,-46
10.06,4,3528,0
10.092,5,2043,0
10.124,6,3061,0
10.156,7,1911,-16
10.188,8,2646,22
10.2199,9,1488,0
10.2519,10,2216,0
10.284,11,2837,0
10.3159,12,987,3
10.3479,13,2045,0
10.3799,14,1586,0
10.4119,15,1674,0
10.4438,16,1732,3
10.4758,17,930,0
10.5078,18,2020,0
10.5398,19,1736,-42
10.5718,20,1983,0
10.6038,21,2070,0
10.6359,22,1389,7
10.6678,23,2066,0
10.6998,24,1599,0
10.7318,25,1813,0
10.7801,3,519,-28
10.8117,4,3528,0
10.8438,5,2044,0
10.8757,6,3060,3
10.9077,7,1911,-11
10.9397,8,2646,18
10.9717,9,1488,0
11.0037,10,2216,0
11.0357,11,2837,0
11.0676,12,987,4
11.0997,13,2045,0
11.1316,14,1586,0
11.1636,15,1674,0
11.1956,16,1732,3
11.2276,17,929,0
11.2595,18,2020,0
11.2915,19,1711,-41
11.3236,20,1983,0
11.3556,21,2071,0
11.3876,22,1389,7
11.4195,23,2066,0
11.4515,24,1599,0
11.4835,25,1812,0
11.532,3,519,-26
11.5635,4,3528,0
11.5955,5,2043,0
11.6275,6,3086,0
11.6595,7,1910,-15
11.6914,8,2646,17
11.7234,9,1489,0
11.7554,10,2216,0
11.7874,11,2838,0
11.8194,12,987,4
11.8514,13,2045,0
11.8834,14,1586,0
11.9153,15,1674,0
11.9474,16,1732,5
11.9793,17,930,0
12.0113,18,2020,0
12.0433,19,1711,-42
12.0753,20,1983,0
12.1073,21,2070,0
12.1393,22,1389,6
12.1713,23,2066,0
12.2033,24,1599,0
12.2353,25,1813,0
12.2839,3,517,-35
12.3153,4,3529,0
12.3473,5,2044,0
12.3793,6,3085,7
12.4113,7,1911,-13
12.4432,8,2646,24
12.4752,9,1489,0
12.5072,10,2216,0
12.5391,11,2837,0
12.5711,12,987,4
12.6031,13,2045,0
12.6351,14,1586,0
12.6671,15,1674,0
12.699,16,1732,2
12.7311,17,930,0
12.7631,18,2020,0
12.7951,19,1711,-42
12.827,20,1983,0
12.8591,21,2070,0
12.891,22,1389,6
12.9231,23,2066,0
12.9549,24,1599,0
12.9869,25,1813,0
13.0353,3,495,-36
13.067,4,3529,0
13.099,5,2044,0
13.1309,6,3084,8
13.163,7,1910,-13
13.1949,8,2646,24
13.2269,9,1488,0
13.2588,10,2216,0
13.2908,11,2837,0
13.323,12,987,3
13.3549,13,2045,0
13.3871,14,1585,0
13.4191,15,1674,0
13.451,16,1733,4
13.4828,17,929,0
13.5149,18,2020,0
13.5469,19,1686,-45
13.5788,20,1983,0
13.6108,21,2071,0
13.6428,22,1389,7
13.6748,23,2066,0
13.7069,24,1599,0
13.7389,25,1813,0
13.7878,3,495,-30
13.8191,4,3528,0
13.851,5,2043,0
13.8832,6,3111,4
13.915,7,1910,-13
13.9468,8,2646,23
13.9787,9,1488,0
14.0106,10,2216,0
14.0427,11,2837,0
14.075,12,987,2
14.1069,13,2046,0
14.1387,14,1586,0
14.1707,15,1673,0
14.2027,16,1733,5
14.2345,17,930,0
14.2666,18,2020,0
14.2985,19,1686,-42
14.3304,20,1983,0
14.3623,21,2071,0
14.4105,22,1389,7
14.4423,23,2066,0
14.4743,24,1599,0
14.5063,25,1813,0
14.5547,3,493,-64
14.5864,4,3529,0
14.6182,5,2044,0
14.6502,6,3109,10
14.6822,7,1911,-15
14.7141,8,2646,22
14.7461,9,1489,0
14.7781,10,2216,0
14.8101,11,2837,0
14.8421,12,987,4
14.8741,13,2045,0
14.9061,14,1586,0
14.938,15,1674,0
14.97,16,1733,3
15.002,17,930,0
15.034,18,2020,0
15.0659,19,1686,-40
15.0979,20,1983,0
15.1299,21,2070,0
15.1619,22,1389,7
15.1939,23,2066,0
15.2258,24,1599,0
15.2577,25,1813,0
15.306,3,471,-33
15.3377,4,3528,0
15.3697,5,2044,0
15.4017,6,3109,10
15.4337,7,1910,-12
15.4656,8,2646,23
15.4976,9,1489,0
15.5296,10,2216,0
15.5616,11,2837,0
15.5936,12,987,3
15.6255,13,2045,0
15.6575,14,1586,0
15.6895,15,1674,0
15.7215,16,1732,2
15.7534,17,929,0
15.7854,18,2020,0
15.8174,19,1662,-40
15.8494,20,1983,0
15.8814,21,2070,0
15.9134,22,1389,7
15.9453,23,2066,0
15.9773,24,1599,0
16.0092,25,1813,0
16.0577,3,470,-37
16.0892,4,3528,0
16.1212,5,2043,0
16.1532,6,3134,9
16.1852,7,1910,-15
16.2171,8,2646,24
16.2491,9,1488,0
16.2811,10,2216,0
16.3131,11,2837,0
16.3451,12,987,2
16.3771,13,2045,0
16.4091,14,1586,0
16.4411,15,1674,0
16.4731,16,1732,2
16.505,17,930,0
16.537,18,2020,0
16.5691,19,1661,-47
16.6011,20,1984,0
16.633,21,2071,0
16.665,22,1389,7
16.697,23,2066,0
16.729,24,1599,0
16.761,25,1813,0
16.8093,3,468,-59
16.8409,4,3528,0
16.8729,5,2043,0
16.9049,6,3134,10
16.9369,7,1910,-13
16.9688,8,2646,25
17.0008,9,1489,0
17.0329,10,2216,0
17.0648,11,2837,0
17.0968,12,987,3
17.1288,13,2045,0
17.1608,14,1586,0
17.1928,15,1674,0
17.2248,16,1733,4
17.2568,17,929,0
17.2888,18,2020,0
17.3208,19,1661,-43
17.3527,20,1983,0
17.3847,21,2071,0
17.4167,22,1389,8
17.4486,23,2066,0
17.4807,24,1599,0
17.5127,25,1813,0
17.5611,3,446,-42
17.5927,4,3529,0
17.6247,5,2043,0
17.6567,6,3134,11
17.6887,7,1911,-12
17.7207,8,2646,26
17.7526,9,1488,0
17.7846,10,2216,0
17.8166,11,2837,0
17.8486,12,987,4
17.8806,13,2045,0
17.9126,14,1586,0
17.9446,15,1674,0
17.9766,16,1733,3
18.0086,17,929,0
18.0406,18,2020,0
18.0726,19,1637,-42
18.1046,20,1983,0
18.1366,21,2070,0
18.1685,22,1389,7
18.2005,23,2066,0
18.2324,24,1599,0
18.2644,25,1813,0
18.3128,3,446,-42
18.3444,4,3528,0
18.3764,5,2043,0
18.4084,6,3159,8
18.4404,7,1910,-10
18.4723,8,2646,26
18.5044,9,1489,0
18.5364,10,2216,0
18.5685,11,2837,0
18.6006,12,987,4
18.6326,13,2045,0
18.6645,14,1586,0
18.6965,15,1674,0
18.7284,16,1732,4
18.7604,17,930,0
18.7924,18,2020,0
18.8244,19,1637,-40
18.8564,20,1984,0
18.8887,21,2070,0
18.9205,22,1389,7
18.9523,23,2066,0
18.9844,24,1599,0
19.0163,25,1813,0
19.0649,3,444,-78
19.0963,4,3529,0
19.1282,5,2043,0
19.1603,6,3158,9
19.1922,7,1910,-13
19.2241,8,2646,22
19.2561,9,1489,-999
19.3322,10,2216,0
19.368,11,2838,0
19.4001,12,987,4
19.432,13,2045,0
19.464,14,1586,0
19.496,15,1674,0
19.528,16,1732,4
19.56,17,929,0
19.5921,18,2020,0
19.624,19,1637,-40
19.656,20,1984,0
19.6879,21,2070,0
19.7199,22,1389,6
19.7519,23,2066,0
19.784,24,1599,0
19.8159,25,1812,0
19.8644,3,422,-43
19.8959,4,3529,0
19.9279,5,2043,0
19.9598,6,3159,14
19.9919,7,1910,-12
20.0238,8,2646,19
20.0559,9,1488,0
20.0878,10,2216,0
20.1198,11,2837,0
20.1518,12,987,4
20.1838,13,2045,0
20.2158,14,1586,0
20.2478,15,1674,0
20.2797,16,1732,4
20.3117,17,929,0
20.3437,18,2020,0
20.3757,19,1612,-42
20.4078,20,1983,0
20.4397,21,2071,0
20.4717,22,1389,7
20.5037,23,2066,0
20.5357,24,1599,0
20.5677,25,1813,0
20.616,3,422,-37
20.6476,4,3528,0
20.6796,5,2044,0
20.7116,6,3183,21
20.7436,7,1910,-11
20.7756,8,2646,16
20.8075,9,1489,0
20.8396,10,2216,0
20.8716,11,2838,0
20.9036,12,987,4
20.9354,13,2045,0
20.9676,14,1586,0
20.9995,15,1674,0
21.0315,16,1732,5
21.0635,17,930,0
21.0955,18,2020,0
21.1275,19,1612,-46
21.1595,20,1984,0
21.1914,21,2071,0
21.2235,22,1389,7
21.2554,23,2066,0
21.2874,24,1599,0
21.3194,25,1812,0
21.3678,3,419,-78
21.3994,4,3529,0
21.4314,5,2044,0
21.4634,6,3183,18
21.4954,7,1911,-14
21.5274,8,2646,22
21.5593,9,1489,0
21.5913,10,2216,0
21.6233,11,2837,0
21.6553,12,987,4
21.6873,13,2045,0
21.7193,14,1586,0
21.7513,15,1674,0
21.7833,16,1732,4
21.8153,17,930,0
21.8473,18,2020,0
21.8793,19,1612,-45
21.9113,20,1984,0
21.9432,21,2071,0
21.9752,22,1389,7
22.0072,23,2066,0
22.0392,24,1599,0
22.0712,25,1812,0
22.1195,3,397,-45
22.1511,4,3528,0
22.1831,5,2043,0
22.2151,6,3183,19
22.2471,7,1911,-13
22.2791,8,2646,20
22.3111,9,1489,0
22.3431,10,2216,0
22.3751,11,2837,0
22.4071,12,987,4
22.4391,13,2045,0
22.4711,14,1586,0
22.503,15,1674,0
22.535,16,1733,5
22.567,17,929,0
22.599,18,2020,0
22.631,19,1588,-22
22.663,20,1984,0
22.6949,21,2071,0
22.7269,22,1389,6
22.759,23,2066,0
22.791,24,1599,0
22.8229,25,1812,0
22.8713,3,397,-42
22.9029,4,3528,0
22.9349,5,2043,0
22.9669,6,3207,28
22.9989,7,1910,-13
23.0309,8,2646,19
23.0629,9,1489,0
23.0951,10,2216,0
23.127,11,2837,0
23.1589,12,987,3
23.1909,13,2045,0
23.2229,14,1586,0
23.2548,15,1674,0
23.2867,16,1732,4
23.3188,17,930,0
23.351,18,2020,0
23.3829,19,1587,-46
23.4149,20,1984,0
23.4469,21,2071,0
23.4789,22,1389,7
23.5112,23,2066,0
23.5431,24,1599,0
23.5751,25,1812,0
23.6234,3,395,-90
23.6549,4,3528,0
23.6869,5,2044,0
23.7189,6,3207,27
23.7507,7,1911,-13
23.7828,8,2646,24
23.8148,9,1489,0
23.8467,10,2216,0
23.8787,11,2837,0
23.9107,12,987,3
23.9427,13,2045,0
23.9745,14,1586,0
24.0067,15,1674,0
24.0387,16,1733,4
24.0705,17,929,0
24.1026,18,2020,0
24.1346,19,1587,-50
24.1665,20,1984,0
24.1985,21,2071,0
24.2305,22,1389,7
24.2624,23,2066,0
24.2944,24,1599,0
24.3398,25,1813,0
24.3907,3,373,-55
24.4224,4,3528,0
24.4544,5,2044,0
24.4863,6,3207,26
24.5183,7,1911,-14
24.5504,8,2646,22
24.5822,9,1488,0
24.6143,10,2216,0
24.6463,11,2837,0
24.6783,12,987,4
24.7103,13,2045,0
24.7423,14,1586,0
24.7743,15,1674,0
24.8063,16,1732,3
24.8383,17,929,0
24.8703,18,2020,0
24.9022,19,1562,-23
24.9342,20,1984,0
24.9662,21,2070,0
24.9982,22,1389,8
25.0301,23,2066,0
25.0622,24,1599,0
25.0941,25,1813,0
25.1425,3,373,-50
25.1741,4,3528,0
25.2061,5,2043,0
25.2381,6,3231,34
25.27,7,1910,-12
25.3021,8,2646,25
25.3341,9,1489,0
25.3661,10,2216,0
25.3981,11,2837,0
25.4301,12,987,5
25.4621,13,2045,0
25.494,14,1586,0
25.526,15,1674,0
25.558,16,1732,5
25.59,17,930,0
25.622,18,2020,0
25.6539,19,1563,-35
25.6859,20,1984,0
25.718,21,2071,0
25.75,22,1389,7
25.7819,23,2066,0
25.8139,24,1599,0
25.8459,25,1813,0
25.8942,3,370,-99
25.9258,4,3529,0
25.9579,5,2044,0
25.9899,6,3231,35
26.0218,7,1911,-12
26.0538,8,2646,25
26.0858,9,1489,0
26.1178,10,2216,0
26.1498,11,2837,0
26.1818,12,987,4
26.2138,13,2045,0
26.2458,14,1586,0
26.2777,15,1674,0
26.3097,16,1732,4
26.3417,17,929,0
26.3737,18,2020,0
26.4057,19,1562,-43
26.4376,20,1984,0
26.4696,21,2071,0
26.5016,22,1389,7
26.5336,23,2066,0
26.5656,24,1599,0
26.5976,25,1813,0
26.646,3,348,-55
26.6775,4,3528,0
26.7095,5,2043,0
26.7414,6,3231,35
26.7735,7,1910,-13
26.8055,8,2646,23
26.8375,9,1489,0
26.8695,10,2216,0
26.9015,11,2837,0
26.9334,12,987,5
26.9655,13,2045,0
26.9974,14,1586,0
27.0294,15,1674,0
27.0614,16,1732,5
27.0934,17,929,0
27.1253,18,2020,0
27.1573,19,1558,-24
27.1893,20,1984,0
27.2214,21,2070,0
27.2533,22,1389,7
27.2853,23,2066,0
27.3173,24,1599,0
27.3493,25,1812,0
27.3977,3,348,-52
27.4293,4,3529,0
27.4612,5,2043,0
27.4933,6,3256,38
27.5253,7,1910,-11
27.5573,8,2646,26
27.5893,9,1489,0
27.6211,10,2216,0
27.6532,11,2837,0
27.6852,12,987,6
27.7172,13,2045,0
27.7492,14,1586,0
27.7812,15,1674,0
27.8131,16,1732,5
27.8451,17,929,0
27.8771,18,2020,0
27.9091,19,1557,-38
27.9411,20,1984,0
27.9731,21,2071,0
28.0052,22,1389,7
28.0372,23,2066,0
28.0692,24,1599,0
28.1011,25,1813,0
28.1497,3,346,-86
28.1811,4,3529,0
28.2131,5,2044,0
28.2451,6,3256,36
28.277,7,1911,-15
28.3089,8,2646,27
28.341,9,1488,0
28.373,10,2216,0
28.4049,11,2837,0
28.437,12,987,4
28.469,13,2045,0
28.5012,14,1586,0
28.533,15,1674,0
28.565,16,1732,5
28.597,17,929,0
28.629,18,2020,0
28.6612,19,1557,-38
28.6932,20,1984,0
28.725,21,2071,0
28.757,22,1389,7
28.7889,23,2066,0
28.8209,24,1599,0
28.8529,25,1812,0
28.9011,3,324,-95
28.9327,4,3528,0
28.9648,5,2044,0
28.9969,6,3281,42
29.0288,7,1910,-9
29.0609,8,2646,23
29.0932,9,1489,0
29.125,10,2216,0
29.1568,11,2837,0
29.1887,12,987,4
29.2207,13,2045,0
29.2527,14,1586,0
29.2847,15,1674,0
29.3166,16,1732,5
29.3486,17,930,0
29.3971,18,2020,0
29.4286,19,1557,-44
29.4605,20,1984,0
29.4926,21,2071,0
29.5246,22,1389,7
29.5565,23,2066,0
29.5885,24,1599,0
29.6206,25,1813,0
29.6691,3,322,-105
29.7005,4,3528,0
29.7325,5,2044,0
29.7645,6,3280,40
29.7965,7,1911,-11
29.8285,8,2646,24
29.8605,9,1489,0
29.8925,10,2216,0
29.9245,11,2837,0
29.9565,12,987,4
29.9885,13,2045,0
30.0205,14,1586,0
30.0523,15,1674,0
30.0845,16,1732,5
30.1164,17,929,0
30.1483,18,2020,0
30.1803,19,1557,-47
30.2123,20,1984,0
30.2443,21,2071,0
30.2763,22,1389,7
30.3083,23,2066,0
30.3403,24,1599,0
30.3723,25,1812,0
30.4206,3,300,-78
30.4523,4,3528,0
30.4843,5,2043,0
30.5163,6,3305,44
30.5482,7,1910,-8
30.5803,8,2646,23
30.6123,9,1489,0
30.6442,10,2216,0
30.6762,11,2838,0
30.7081,12,987,3
30.7402,13,2045,0
30.7721,14,1586,0
30.8042,15,1674,0
30.8361,16,1732,5
30.8681,17,929,0
30.9001,18,2020,0
30.9321,19,1557,-49
30.9641,20,1984,0
30.996,21,2071,0
31.028,22,1389,7
31.06,23,2066,0
31.092,24,1599,0
31.124,25,1813,0
31.1724,3,299,-78
31.204,4,3529,0
31.2359,5,2043,0
31.2679,6,3305,41
31.2999,7,1910,-12
31.3319,8,2646,26
31.3639,9,1489,0
31.3959,10,2216,0
31.4279,11,2837,0
31.4599,12,987,3
31.4919,13,2045,0
31.5238,14,1586,0
31.5558,15,1674,0
31.5878,16,1732,4
31.6198,17,929,0
31.6518,18,2020,0
31.6838,19,1557,-45
31.7158,20,1984,0
31.7478,21,2071,0
31.7798,22,1389,7
31.8118,23,2066,0
31.8438,24,1599,0
31.8758,25,1813,0
31.9242,3,289,-86
31.9558,4,3529,0
31.9877,5,2044,0
32.0196,6,3329,46
32.0517,7,1910,-14
32.0836,8,2645,24
32.1156,9,1489,0
32.1476,10,2216,0
32.1796,11,2837,0
32.2116,12,987,3
32.2436,13,2045,0
32.2756,14,1586,0
32.3075,15,1674,0
32.3396,16,1732,6
32.3716,17,929,0
32.4035,18,2020,0
32.4356,19,1557,-45
32.4675,20,1984,0
32.4995,21,2071,0
32.5315,22,1389,8
32.5635,23,2066,0
32.5956,24,1599,0
32.6275,25,1812,0
32.6759,3,287,-87
32.7075,4,3529,0
32.7395,5,2043,0
32.7714,6,3354,47
32.8034,7,1910,-10
32.8355,8,2646,24
32.8675,9,1488,0
32.8994,10,2216,0
32.9314,11,2837,0
32.9634,12,987,3
32.9954,13,2045,0
33.0274,14,1586,0
33.0594,15,1674,0
33.0914,16,1732,5
33.1233,17,930,0
33.1553,18,2020,0
33.1873,19,1557,-47
33.2192,20,1984,0
33.2513,21,2071,0
33.2833,22,1389,7
33.3152,23,2066,0
33.3472,24,1599,0
33.3793,25,1813,0
33.4281,3,287,-82
33.4598,4,3528,0
33.4916,5,2044,0
33.5235,6,3378,59
33.5555,7,1910,-14
33.5872,8,2646,24
33.6192,9,1489,0
33.6515,10,2216,0
33.6833,11,2838,0
33.7154,12,987,3
33.7473,13,2044,0
33.7791,14,1586,0
33.8111,15,1674,0
33.8432,16,1732,5
33.8752,17,929,0
33.9072,18,2020,0
33.9392,19,1557,-47
33.9711,20,1985,0
34.0031,21,2071,0
34.035,22,1389,7
34.067,23,2066,0
34.0991,24,1599,0
34.131,25,1813,0
34.1794,3,287,-85
34.2109,4,3528,0
34.243,5,2044,0
34.2751,6,3402,60
34.3069,7,1911,-13
34.3388,8,2646,22
34.3708,9,1489,0
34.4028,10,2216,0
34.4349,11,2837,0
34.4671,12,987,6
34.4989,13,2045,0
34.5309,14,1586,0
34.5628,15,1674,0
34.595,16,1732,5
34.6267,17,929,0
34.6588,18,2020,0
34.6908,19,1557,-48
34.7227,20,1984,0
34.7548,21,2071,0
34.8036,22,1389,8
34.838,23,2066,0
34.8667,24,1599,0
34.8987,25,1812,0
34.9471,3,287,-65
34.9786,4,3528,0
35.0106,5,2043,0
35.0426,6,3427,67
35.0747,7,1910,-9
35.1066,8,2646,24
35.1386,9,1489,0
35.1706,10,2216,0
35.2025,11,2837,0
35.2346,12,987,3
35.2665,13,2045,0
35.2985,14,1586,0
35.3305,15,1674,0
35.3625,16,1732,5
35.3945,17,929,0
35.4265,18,2020,0
35.4584,19,1557,-48
35.4906,20,1985,0
35.5225,21,2071,0
35.5544,22,1389,7
35.5864,23,2066,0
35.6185,24,1599,0
35.6504,25,1813,0
35.6988,3,287,-59
35.7304,4,3529,0
35.7623,5,2043,0
35.7943,6,3451,59
35.8263,7,1910,-8
35.8583,8,2646,23
35.8903,9,1489,0
35.9222,10,2216,0
35.9543,11,2837,0
35.9863,12,987,3
36.0183,13,2045,0
36.0503,14,1586,0
36.0823,15,1674,0
36.1142,16,1732,6
36.1462,17,929,0
36.1783,18,2020,0
36.2102,19,1557,-46
36.2422,20,1985,0
36.2742,21,2071,0
36.3061,22,1389,7
36.3382,23,2066,0
36.3702,24,1599,0
36.4021,25,1812,0
36.4504,3,287,-66
36.4821,4,3529,0
36.5141,5,2043,0
36.546,6,3451,100
36.5781,7,1910,-10
36.6101,8,2646,23
36.6421,9,1489,0
36.674,10,2216,0
36.706,11,2837,0
36.738,12,987,5
36.7701,13,2045,0
36.802,14,1586,0
36.834,15,1674,0
36.8659,16,1732,6
36.8979,17,929,0
36.9299,18,2020,0
36.962,19,1557,-47
36.9939,20,1985,0
37.0259,21,2071,0
37.0579,22,1389,7
37.0899,23,2066,0
37.1218,24,1599,0
37.1539,25,1812,0
37.2503,3,286,-75
37.2817,4,3529,0
37.3138,5,2043,0
37.3458,6,3451,100
37.3778,7,1910,-8
37.4098,8,2646,23
37.4417,9,1489,0
37.4737,10,2217,0
37.5058,11,2837,0
37.5377,12,987,6
37.5697,13,2045,0
37.6017,14,1586,0
37.6337,15,1674,0
37.6657,16,1747,54
37.6977,17,929,0
37.7296,18,2020,0
37.7616,19,1557,-48
37.7936,20,1985,-1
37.8256,21,2070,0
37.8576,22,1389,7
37.8897,23,2066,0
37.9216,24,1599,0
37.9535,25,1812,1
38.0019,3,286,-59
38.0335,4,3529,0
38.0656,5,2043,0
38.0975,6,3452,98
38.1295,7,1911,-9
38.1615,8,2646,24
38.1935,9,1489,0
38.2255,10,2218,-3
38.2575,11,2837,0
38.2895,12,987,5
38.3214,13,2047,0
38.3535,14,1586,0
38.3855,15,1674,0
38.4174,16,1746,49
38.4494,17,944,41
38.4813,18,2020,0
38.5134,19,1557,-52
38.5454,20,1985,0
38.5773,21,2072,0
38.6094,22,1389,7
38.6413,23,2067,0
38.6733,24,1599,0
38.7053,25,1812,0
38.7537,3,286,-58
38.7854,4,3528,0
38.8174,5,2044,0
38.8493,6,3452,92
38.8814,7,1910,-9
38.9133,8,2646,24
38.9452,9,1489,0
38.9774,10,2218,-3
39.0093,11,2837,0
39.0413,12,987,5
39.0734,13,2047,0
39.1053,14,1586,0
39.1373,15,1674,0
39.1693,16,1746,44
39.2013,17,944,47
39.2332,18,2020,8
39.2651,19,1557,-51
39.2972,20,1985,0
39.3291,21,2072,0
39.3611,22,1389,7
39.3931,23,2067,0
39.4253,24,1599,0
39.4572,25,1812,0
39.5059,3,286,-74
39.5371,4,3529,0
39.5691,5,2044,0
39.6011,6,3452,91
39.633,7,1910,-12
39.6651,8,2646,23
39.6971,9,1489,0
39.7293,10,2219,-8
39.7612,11,2837,0
39.7931,12,987,2
39.825,13,2047,0
39.8571,14,1585,0
39.889,15,1674,0
39.921,16,1767,89
39.953,17,944,44
39.985,18,2020,4
40.0169,19,1557,-53
40.0489,20,1986,-4
40.0971,21,2072,0
40.1291,22,1389,8
40.1609,23,2066,0
40.1928,24,1599,0
40.2247,25,1812,0
40.2732,3,286,-55
40.3048,4,3528,0
40.3367,5,2044,0
40.3687,6,3451,102
40.4007,7,1910,-9
40.4327,8,2646,23
40.4647,9,1489,0
40.4967,10,2219,-9
40.5287,11,2837,0
40.5607,12,988,3
40.5927,13,2047,0
40.6246,14,1585,0
40.6567,15,1674,0
40.6887,16,1767,87
40.7207,17,953,73
40.7526,18,2020,4
40.7846,19,1557,-54
40.8167,20,1986,-5
40.8486,21,2073,0
40.8806,22,1389,7
40.9126,23,2067,0
40.9446,24,1599,0
40.9765,25,1812,0
41.0249,3,286,-53
41.0565,4,3529,0
41.0885,5,2044,0
41.1205,6,3452,94
41.1525,7,1910,-9
41.1845,8,2646,25
41.2165,9,1489,0
41.2484,10,2219,-9
41.2805,11,2837,0
41.3124,12,992,-1
41.3444,13,2047,0
41.3764,14,1585,0
41.4084,15,1674,0
41.4404,16,1789,127
41.4724,17,954,64
41.5044,18,2020,6
41.5364,19,1557,-63
41.5684,20,1986,-8
41.6003,21,2073,0
41.6324,22,1389,6
41.6643,23,2066,0
41.6963,24,1599,0
41.7283,25,1812,0
41.7771,3,286,-53
41.8083,4,3528,0
41.8403,5,2044,0
41.8722,6,3452,92
41.9042,7,1910,-10
41.9362,8,2645,27
41.9682,9,1489,0
42.0001,10,2219,-10
42.0322,11,2837,0
42.0642,12,992,-7
42.0962,13,2047,0
42.1281,14,1585,0
42.1601,15,1674,0
42.1921,16,1809,186
42.224,17,954,59
42.2561,18,2020,8
42.288,19,1557,-84
42.32,20,1986,-8
42.352,21,2073,0
42.384,22,1389,7
42.4161,23,2066,0
42.448,24,1599,0
42.48,25,1812,1
42.5284,3,287,-68
42.56,4,3529,0
42.592,5,2044,0
42.624,6,3452,97
42.656,7,1910,-12
42.688,8,2646,23
42.7199,9,1489,0
42.7519,10,2219,-7
42.7838,11,2837,0
42.816,12,992,-7
42.8479,13,2047,0
42.8799,14,1585,0
42.9118,15,1674,0
42.9439,16,1817,228
42.9758,17,955,60
43.0078,18,2020,9
43.0398,19,1557,-69
43.0718,20,1986,-9
43.1038,21,2073,0
43.1357,22,1389,7
43.1678,23,2066,0
43.1997,24,1599,0
43.2317,25,1811,0
43.376,3,286,-53
43.4076,4,3528,0
43.4396,5,2044,0
43.4718,6,3451,92
43.5036,7,1910,-12
43.5356,8,2646,23
43.5676,9,1488,-26
43.5995,10,2219,-7
43.6316,11,2837,0
43.6636,12,992,-8
43.6956,13,2047,0
43.7275,14,1585,0
43.7596,15,1674,0
43.7914,16,1817,225
43.8235,17,955,61
43.8555,18,2020,8
43.8875,19,1557,-83
43.9197,20,1986,-9
43.9518,21,2074,0
43.9838,22,1389,7
44.0157,23,2066,0
44.0475,24,1599,0
44.0794,25,1811,2
44.1281,3,286,-55
44.1595,4,3529,0
44.1914,5,2047,14
44.2233,6,3452,92
44.2553,7,1910,-6
44.2873,8,2646,23
44.3194,9,1488,-24
44.3515,10,2219,-9
44.3834,11,2837,0
44.4153,12,993,-7
44.4474,13,2047,0
44.4797,14,1585,0
44.5113,15,1674,0
44.5433,16,1818,222
44.5753,17,955,64
44.6073,18,2020,8
44.6393,19,1557,-85
44.6712,20,1986,-10
44.7033,21,2073,0
44.7353,22,1389,6
44.7676,23,2066,0
44.7995,24,1599,0
44.8313,25,1812,2
44.88,3,286,-65
44.9114,4,3529,0
44.9432,5,2048,19
44.9751,6,3452,94
45.007,7,1910,-10
45.0392,8,2645,23
45.0711,9,1488,-25
45.103,10,2219,-8
45.1351,11,2837,3
45.1909,12,992,-7
45.215,13,2048,0
45.247,14,1585,0
45.2789,15,1674,0
45.3109,16,1817,224
45.3429,17,956,62
45.3749,18,2020,8
45.4069,19,1558,-86
45.4389,20,1986,-9
45.4709,21,2073,0
45.5029,22,1389,7
45.5348,23,2066,0
45.5668,24,1599,0
45.5988,25,1811,2
45.6471,3,286,-61
45.6788,4,3529,0
45.7108,5,2049,9
45.7428,6,3452,100
45.7748,7,1910,-8
45.8068,8,2646,23
45.8387,9,1489,-23
45.8707,10,2219,-9
45.9027,11,2837,6
45.9347,12,992,-10
45.9667,13,2047,0
45.9987,14,1585,0
46.0307,15,1674,0
46.0626,16,1817,222
46.0947,17,956,60
46.1266,18,2020,10
46.1585,19,1557,-86
46.1906,20,1986,-9
46.2225,21,2058,-52
46.2545,22,1389,6
46.2865,23,2068,0
46.3185,24,1599,0
46.3504,25,1811,3
46.3988,3,287,-54
46.4304,4,3529,0
46.4624,5,2050,13
46.4944,6,3451,93
46.5263,7,1910,-8
46.5583,8,2646,23
46.5902,9,1488,-28
46.6223,10,2219,-7
46.6542,11,2837,6
46.6862,12,992,-9
46.7183,13,2047,4
46.7502,14,1585,0
46.7821,15,1674,1
46.8141,16,1817,224
46.846,17,955,63
46.8781,18,2020,9
46.91,19,1557,-83
46.942,20,1986,-8
46.974,21,2058,-53
47.006,22,1389,7
47.038,23,2068,0
47.07,24,1599,0
47.102,25,1811,3
47.1502,3,287,-53
47.1818,4,3529,0
47.2138,5,2050,13
47.2458,6,3452,95
47.2777,7,1910,-9
47.3098,8,2646,23
47.3417,9,1488,-30
47.3737,10,2219,-8
47.4058,11,2837,6
47.4376,12,993,-8
47.4696,13,2047,4
47.5016,14,1585,0
47.5336,15,1674,0
47.5655,16,1817,221
47.5976,17,955,61
47.6295,18,2020,8
47.6614,19,1557,-85
47.6935,20,1986,-9
47.7255,21,2058,-50
47.7574,22,1389,6
47.7894,23,2068,0
47.8214,24,1599,0
47.8533,25,1811,3
47.9017,3,286,-52
47.9333,4,3529,0
47.9652,5,2050,10
47.9973,6,3452,97
48.0293,7,1910,-11
48.0612,8,2646,25
48.0932,9,1488,-24
48.1251,10,2219,-9
48.1572,11,2837,7
48.1892,12,992,-7
48.2211,13,2047,5
48.2531,14,1585,0
48.2851,15,1674,0
48.3171,16,1817,221
48.3491,17,956,64
48.3811,18,2020,6
48.4131,19,1557,-85
48.4451,20,1986,-8
48.4771,21,2054,-161
48.5091,22,1389,6
48.5411,23,2068,0
48.5731,24,1599,0
48.605,25,1811,3
48.7494,3,286,-52
48.781,4,3529,0
48.813,5,2050,9
48.8449,6,3451,92
48.8769,7,1910,-12
48.909,8,2646,23
48.941,9,1488,-25
48.9729,10,2218,-38
49.0049,11,2837,7
49.0369,12,992,-9
49.069,13,2047,4
49.1008,14,1585,0
49.1329,15,1674,0
49.1649,16,1817,221
49.1969,17,955,59
49.2288,18,2020,8
49.2608,19,1557,-84
49.2928,20,1986,-9
49.3247,21,2055,-102
49.3568,22,1389,6
49.3888,23,2068,0
49.4208,24,1599,0
49.4528,25,1811,2
49.5015,3,286,-56
49.5327,4,3528,0
49.5647,5,2050,10
49.5968,6,3451,95
49.6289,7,1910,-12
49.6608,8,2646,25
49.6928,9,1486,-20
49.7247,10,2213,-16
49.7567,11,2837,5
49.7889,12,1010,31
49.821,13,2047,6
49.8527,14,1585,0
49.885,15,1674,0
49.9166,16,1819,194
49.9487,17,956,49
49.9806,18,2020,8
50.0126,19,1557,-86
50.0448,20,1987,-16
50.0766,21,2053,-76
50.1086,22,1389,6
50.1406,23,2069,-2
50.1726,24,1599,0
50.2046,25,1811,3
50.2531,3,286,-52
50.2844,4,3529,0
50.3164,5,2050,11
50.3485,6,3452,92
50.3804,7,1910,-10
50.4124,8,2645,23
50.4443,9,1486,-14
50.4763,10,2213,-12
50.5083,11,2837,5
50.5403,12,1010,32
50.5897,13,2047,4
50.6363,14,1596,101
50.6682,15,1674,0
50.7003,16,1819,196
50.7322,17,957,46
50.7642,18,2020,8
50.7963,19,1557,-83
50.8283,20,1987,-16
50.8602,21,2053,-71
50.8922,22,1389,6
50.9242,23,2068,0
50.9563,24,1599,0
50.9882,25,1811,3
51.0365,3,287,-57
51.0681,4,3529,0
51.1002,5,2050,12
51.1321,6,3452,91
51.1641,7,1911,-10
51.1961,8,2646,23
51.2281,9,1486,-15
51.2601,10,2213,-14
51.2921,11,2837,5
51.324,12,1013,21
51.356,13,2046,3
51.3881,14,1595,101
51.4201,15,1674,0
51.4521,16,1821,170
51.484,17,956,52
51.516,18,2020,8
51.5479,19,1557,-84
51.58,20,2007,8
51.6119,21,2049,-40
51.644,22,1389,7
51.676,23,2068,-2
51.708,24,1599,0
51.74,25,1811,1
51.8043,3,287,-52
51.836,4,3529,0
51.8679,5,2050,12
51.8999,6,3452,96
51.9319,7,1910,-10
51.9639,8,2646,23
51.9958,9,1486,-15
52.0279,10,2213,-13
52.0598,11,2837,5
52.0918,12,1013,17
52.1238,13,2046,5
52.1558,14,1596,97
52.1878,15,1674,0
52.2198,16,1822,170
52.2518,17,957,54
52.2837,18,2020,8
52.3157,19,1557,-75
52.3478,20,2007,9
52.3798,21,2049,-34
52.4117,22,1393,169
52.4437,23,2068,0
52.4756,24,1599,0
52.5077,25,1811,3
52.5561,3,287,-54
52.5877,4,3529,0
52.6196,5,2049,13
52.6516,6,3451,92
52.6837,7,1911,-9
52.7156,8,2646,23
52.7476,9,1486,-14
52.7796,10,2213,-14
52.8116,11,2837,6
52.8436,12,1013,19
52.8755,13,2047,4
52.9076,14,1596,97
52.9396,15,1674,0
52.9715,16,1822,170
53.0035,17,957,49
53.0355,18,2020,8
53.0674,19,1557,-77
53.0995,20,2006,7
53.1315,21,2049,-37
53.1634,22,1393,168
53.1955,23,2068,-3
53.2275,24,1608,113
53.2594,25,1811,1
53.3078,3,287,-53
53.3394,4,3529,0
53.3714,5,2050,11
53.4034,6,3452,97
53.4354,7,1911,-9
53.4674,8,2646,22
53.4993,9,1486,-12
53.5313,10,2213,-7
53.5633,11,2838,5
53.5953,12,1030,64
53.6273,13,2047,7
53.6593,14,1596,97
53.6913,15,1674,0
53.7233,16,1825,127
53.7553,17,957,49
53.7873,18,2020,7
53.8192,19,1557,-80
53.8512,20,2009,9
53.8832,21,2049,-38
53.9153,22,1397,121
53.9472,23,2068,0
53.9792,24,1608,115
54.0112,25,1811,3
54.0595,3,286,-51
54.0911,4,3528,0
54.1231,5,2050,16
54.1551,6,3451,93
54.187,7,1910,-8
54.2191,8,2646,23
54.2511,9,1486,-12
54.283,10,2212,-8
54.315,11,2838,4
54.347,12,1031,66
54.379,13,2046,2
54.411,14,1609,207
54.443,15,1672,2
54.475,16,1825,128
54.507,17,957,47
54.539,18,2020,8
54.5712,19,1557,-75
54.603,20,2009,6
54.635,21,2049,-36
54.667,22,1397,113
54.6989,23,2068,-1
54.7309,24,1609,113
54.7629,25,1811,2
54.8113,3,286,-58
54.8429,4,3529,0
54.8749,5,2049,14
54.9069,6,3452,96
54.9388,7,1911,-13
54.9708,8,2646,22
55.0028,9,1485,-4
55.0348,10,2213,-12
55.0668,11,2838,4
55.0989,12,1032,47
55.1309,13,2047,8
55.1629,14,1610,198
55.1948,15,1672,2
55.2268,16,1827,107
55.2588,17,957,51
55.2908,18,2020,7
55.3227,19,1557,-74
55.3547,20,2022,72
55.3867,21,2049,-36
55.4187,22,1397,121
55.4507,23,2067,0
55.4826,24,1608,111
55.5147,25,1811,2
55.5631,3,286,-53
55.6172,4,3528,0
55.6426,5,2050,16
55.6746,6,3452,88
55.7066,7,1911,-11
55.7385,8,2646,22
55.7705,9,1485,-1
55.8025,10,2213,-15
55.8346,11,2838,4
55.8665,12,1035,34
55.8985,13,2046,4
55.9305,14,1610,206
55.9625,15,1672,2
55.9945,16,1828,92
56.0265,17,957,49
56.0585,18,2020,7
56.0904,19,1558,-67
56.1224,20,2022,81
56.1544,21,2048,-28
56.1865,22,1411,250
56.2184,23,2067,0
56.2504,24,1609,109
56.2824,25,1811,0
56.3307,3,286,-51
56.3624,4,3528,0
56.3943,5,2049,16
56.4263,6,3452,87
56.4583,7,1910,-8
56.4903,8,2646,21
56.5223,9,1485,-3
56.5543,10,2213,-15
56.5863,11,2838,4
56.6182,12,1036,35
56.6502,13,2046,8
56.6822,14,1610,188
56.7142,15,1672,2
56.7462,16,1828,99
56.7782,17,957,43
56.8102,18,2020,9
56.8422,19,1557,-70
56.8742,20,2022,78
56.9061,21,2048,-29
56.9381,22,1412,223
56.9701,23,2067,0
57.0021,24,1624,194
57.0341,25,1811,1
57.0826,3,286,-53
57.114,4,3529,0
57.146,5,2049,17
57.1781,6,3451,92
57.21,7,1910,-13
57.242,8,2646,22
57.274,9,1484,0
57.3059,10,2212,-11
57.3379,11,2838,4
57.3699,12,1051,117
57.402,13,2047,7
57.4339,14,1610,185
57.4659,15,1672,3
57.4979,16,1830,70
57.5299,17,957,48
57.5618,18,2020,6
57.5939,19,1557,-71
57.6258,20,2023,64
57.6579,21,2048,-30
57.6898,22,1415,206
57.7218,23,2067,0
57.7538,24,1624,192
57.7859,25,1811,2
57.8342,3,287,-51
57.8658,4,3528,0
57.8978,5,2049,16
57.9297,6,3452,87
57.9617,7,1911,-12
57.9937,8,2646,21
58.0257,9,1485,-3
58.0577,10,2213,-10
58.0896,11,2838,5
58.1216,12,1054,73
58.1536,13,2046,8
58.1857,14,1635,182
58.2176,15,1670,11
58.2497,16,1831,75
58.2816,17,957,51
58.3136,18,2020,7
58.3456,19,1557,-70
58.3776,20,2024,63
58.4096,21,2048,-34
58.4415,22,1415,208
58.4735,23,2066,0
58.5055,24,1628,138
58.5376,25,1811,2
58.586,3,286,-55
58.6175,4,3529,0
58.6495,5,2049,17
58.6814,6,3452,93
58.7135,7,1910,-11
58.7454,8,2646,23
58.7775,9,1485,-3
58.8094,10,2212,-12
58.8414,11,2838,4
58.8733,12,1055,71
58.9054,13,2046,6
58.9373,14,1636,190
58.9693,15,1670,10
59.0013,16,1831,75
59.0333,17,957,50
59.0653,18,2020,7
59.0973,19,1557,-69
59.1292,20,2028,119
59.1614,21,2048,-31
59.1935,22,1415,209
59.2251,23,2066,0
59.2572,24,1630,141
59.2892,25,1811,4
59.3376,3,286,-53
59.3692,4,3528,0
59.4012,5,2049,16
59.4332,6,3452,86
59.4652,7,1910,-10
59.4972,8,2646,22
59.5291,9,1484,-4
59.5611,10,2213,-14
59.5931,11,2838,5
59.6252,12,1057,49
59.6571,13,2046,9
59.6891,14,1637,183
59.7211,15,1670,10
59.7531,16,1832,69
59.7851,17,957,40
59.817,18,2020,7
59.849,19,1557,-67
59.881,20,2028,122
59.9132,21,2047,-29
59.9452,22,1432,300
59.9769,23,2066,0
60.009,24,1636,87
60.0409,25,1811,1
60.0898,3,286,-50
60.1211,4,3529,0
60.1529,5,2049,14
60.185,6,3452,94
60.2169,7,1911,-13
60.2489,8,2646,21
60.2809,9,1484,-5
60.3128,10,2213,-14
60.3448,11,2838,6
60.3768,12,1057,52
60.4089,13,2046,8
60.4408,14,1638,162
60.4728,15,1670,10
60.5049,16,1832,70
60.5369,17,957,43
60.5688,18,2020,7
60.6008,19,1557,-57
60.6328,20,2028,115
60.665,21,2047,-25
60.6972,22,1434,301
60.7294,23,2065,0
60.7607,24,1654,166
60.7928,25,1811,1
60.8411,3,286,-53
60.8726,4,3528,0
60.9046,5,2049,17
60.9366,6,3451,91
60.9686,7,1911,-9
61.0006,8,2646,-999
61.0592,9,1482,0
61.0965,10,2212,-9
61.1286,11,2838,4
61.1605,12,1071,140
61.1925,13,2046,8
61.2245,14,1638,153
61.2566,15,1670,11
61.2885,16,1833,50
61.3205,17,957,44
61.3525,18,2020,7
61.3845,19,1557,-70
61.4165,20,2030,90
61.4486,21,2047,-27
61.4807,22,1437,243
61.5124,23,2065,0
61.5444,24,1654,155
61.5765,25,1811,1
61.6248,3,286,-49
61.6564,4,3529,0
61.6884,5,2049,15
61.7204,6,3452,87
61.7524,7,1910,-11
61.7844,8,2646,21
61.8163,9,1482,0
61.8484,10,2212,-10
61.8803,11,2838,4
61.9123,12,1075,111
61.9443,13,2046,7
61.9763,14,1658,218
62.0083,15,1670,11
62.0402,16,1832,54
62.0723,17,957,41
62.1042,18,2020,7
62.1362,19,1557,-68
62.1683,20,2030,90
62.2005,21,2047,-26
62.2323,22,1437,243
62.2642,23,2065,0
62.2962,24,1655,132
62.3282,25,1812,3
62.3767,3,287,-54
62.4082,4,3529,0
62.4402,5,2049,16
62.4721,6,3451,86
62.5041,7,1910,-13
62.536,8,2646,21
62.568,9,1483,0
62.6001,10,2213,-10
62.6321,11,2838,4
62.6641,12,1079,77
62.696,13,2046,8
62.7281,14,1657,220
62.76,15,1670,11
62.7921,16,1834,49
62.8241,17,957,45
62.856,18,2020,8
62.888,19,1557,-65
62.92,20,2029,89
62.9522,21,2047,-27
62.9842,22,1453,318
63.016,23,2065,0
63.048,24,1659,92
63.0799,25,1811,5
63.1284,3,286,-50
63.1599,4,3529,0
63.1919,5,2049,17
63.2239,6,3452,87
63.2558,7,1910,-10
63.2878,8,2646,22
63.3199,9,1484,-1
63.3518,10,2212,-11
63.3839,11,2838,3
63.4159,12,1079,74
63.4478,13,2046,7
63.4798,14,1659,214
63.5118,15,1670,10
63.5438,16,1834,54
63.5758,17,957,45
63.6078,18,2020,7
63.6397,19,1557,-65
63.6718,20,2030,97
63.7038,21,2047,-18
63.736,22,1455,297
63.7678,23,2065,0
63.7997,24,1677,166
63.8317,25,1811,3
63.8802,3,286,-56
63.9117,4,3528,0
63.9437,5,2049,17
63.9757,6,3452,88
64.0077,7,1910,-10
64.0397,8,2646,22
64.0716,9,1481,0
64.1037,10,2212,-7
64.1357,11,2838,4
64.1676,12,1094,169
64.1996,13,2046,8
64.2316,14,1661,186
64.2635,15,1670,11
64.2955,16,1835,44
64.3275,17,957,44
64.3595,18,2020,7
64.3916,19,1557,-67
64.4235,20,2030,95
64.4557,21,2046,-25
64.4877,22,1460,258
64.5195,23,2065,0
64.5515,24,1677,164
64.5834,25,1811,2
64.6318,3,286,-49
64.6634,4,3528,0
64.6954,5,2049,17
64.7274,6,3452,86
64.7594,7,1911,-7
64.7914,8,2646,22
64.8234,9,1482,0
64.8553,10,2212,-9
64.8874,11,2837,4
64.9193,12,1098,139
64.9514,13,2046,8
64.9833,14,1680,232
65.0154,15,1670,8
65.0473,16,1835,47
65.0793,17,957,44
65.1113,18,2020,8
65.1433,19,1557,-68
65.1753,20,2030,93
65.2075,21,2046,-23
65.2397,22,1460,257
65.2713,23,2065,0
65.3033,24,1680,126
65.3353,25,1811,3
65.3835,3,286,-51
65.4152,4,3528,0
65.4472,5,2050,14
65.4792,6,3451,85
65.5112,7,1911,-10
65.5434,8,2646,22
65.5751,9,1483,0
65.6072,10,2212,-8
65.6391,11,2838,3
65.6712,12,1103,83
65.7032,13,2046,8
65.7352,14,1680,235
65.7671,15,1670,10
65.7991,16,1837,34
65.831,17,957,47
65.8631,18,2020,7
65.8952,19,1557,-67
65.9271,20,2030,90
65.9593,21,2047,-20
65.9913,22,1481,342
66.0235,23,2065,0
66.055,24,1683,99
66.087,25,1811,3
66.1353,3,286,-50
66.167,4,-1,0
66.2309,5,2049,16
66.2629,6,3452,86
66.2949,7,1910,-9
66.3268,8,2646,21
66.3588,9,1482,0
66.3908,10,2212,-9
66.4228,11,2838,3
66.4549,12,1103,82
66.4869,13,2046,9
66.5188,14,1680,226
66.5508,15,1670,10
66.5828,16,1836,37
66.6148,17,956,46
66.6468,18,2020,10
66.6787,19,1557,-64
66.7107,20,2030,95
66.743,21,2046,-16
66.7749,22,1483,290
66.8067,23,2065,0
66.8386,24,1701,196
66.8706,25,1811,4
66.919,3,286,-49
66.9507,4,3529,0
66.9827,5,2049,17
67.0146,6,3452,94
67.0466,7,1910,-11
67.0787,8,2646,21
67.1106,9,1481,0
67.1426,10,2211,-8
67.1746,11,2838,4
67.2079,12,1117,184
67.2385,13,2046,8
67.2705,14,1681,214
67.3025,15,1670,10
67.3345,16,1837,32
67.3665,17,957,45
67.3985,18,2020,7
67.4306,19,1557,-65
67.4625,20,2029,89
67.4946,21,2046,-24
67.5266,22,1487,227
67.5584,23,2065,0
67.5904,24,1702,179
67.6224,25,1811,3
67.6708,3,286,-52
67.7023,4,3529,0
67.7343,5,2049,17
67.7663,6,3452,85
67.7983,7,1910,-11
67.8303,8,2645,22
67.8623,9,1481,0
67.8943,10,2212,-10
67.9263,11,2837,4
67.9583,12,1122,139
67.9902,13,2046,8
68.0223,14,1703,254
68.0542,15,1670,10
68.0862,16,1837,33
68.1181,17,956,42
68.1502,18,2020,8
68.1822,19,1557,-69
68.2141,20,2030,90
68.2463,21,2046,-23
68.2784,22,1487,226
68.3102,23,2065,0
68.3421,24,1706,132
68.3742,25,1811,2
68.4224,3,286,-52
68.4541,4,3529,0
68.4861,5,2049,16
68.5181,6,3451,86
68.5501,7,1910,-9
68.582,8,2646,22
68.6141,9,1483,0
68.6459,10,2212,-10
68.678,11,2838,4
68.71,12,1125,103
68.742,13,2046,8
68.774,14,1703,256
68.806,15,1670,9
68.838,16,1838,25
68.87,17,957,48
68.9019,18,2020,7
68.9339,19,1557,-66
68.9658,20,2029,91
68.9983,21,2046,-24
69.0302,22,1501,358
69.0619,23,2065,0
69.0939,24,1707,111
69.1258,25,1811,2
69.1743,3,287,-50
69.2058,4,3529,0
69.2378,5,2049,16
69.2698,6,3452,87
69.3017,7,1910,-10
69.3337,8,2645,22
69.3657,9,1483,0
69.3977,10,2212,-10
69.4297,11,2838,4
69.4618,12,1125,106
69.4937,13,2046,8
69.5257,14,1706,232
69.5577,15,1670,10
69.5896,16,1838,27
69.6217,17,957,45
69.6537,18,2020,7
69.6857,19,1557,-66
69.7176,20,2030,99
69.7498,21,2046,-21
69.7819,22,1505,305
69.8136,23,2065,0
69.8456,24,1727,168
69.8775,25,1811,2
70.0061,3,286,-50
70.0378,4,3529,0
70.0696,5,2049,17
70.1016,6,3452,89
70.1337,7,1911,-8
70.1656,8,2646,21
70.1976,9,1481,0
70.2295,10,2210,-3
70.2614,11,2837,4
70.2935,12,1143,150
70.3254,13,2046,11
70.3574,14,1707,214
70.3895,15,1670,11
70.4214,16,1838,22
70.4534,17,957,45
70.4854,18,2020,8
70.5174,19,1557,-67
70.5494,20,2030,94
70.5816,21,2047,-22
70.6136,22,1511,242
70.6454,23,2065,0
70.6773,24,1727,166
70.7092,25,1811,5
70.7577,3,286,-51
70.7893,4,3528,0
70.8212,5,2049,17
70.8532,6,3452,89
70.8852,7,1910,-7
70.9172,8,2646,24
70.9492,9,1481,0
70.9812,10,2211,-7
71.0131,11,2837,5
71.0699,12,1146,134
71.0931,13,2046,8
71.1251,14,1730,246
71.1571,15,1669,17
71.189,16,1838,22
71.2211,17,957,43
71.253,18,2020,7
71.285,19,1557,-67
71.3169,20,2030,92
71.3493,21,2046,-25
71.3813,22,1511,242
71.4131,23,2064,0
71.4451,24,1731,129
71.477,25,1811,2
71.5256,3,287,-52
71.557,4,3528,0
71.589,5,2049,14
71.621,6,3451,86
71.6529,7,1910,-10
71.685,8,2646,23
71.7169,9,1482,0
71.7489,10,2212,-9
71.781,11,2838,6
71.8129,12,1152,104
71.8449,13,2046,10
71.877,14,1731,244
71.9089,15,1669,18
71.941,16,1838,23
71.9728,17,957,47
72.0047,18,2020,8
72.0368,19,1557,-67
72.0688,20,2030,95
72.101,21,2046,-23
72.1331,22,1526,353
72.1648,23,2065,0
72.1968,24,1733,102
72.2287,25,1811,0
72.2772,3,286,-52
72.3087,4,3528,0
72.3407,5,2049,15
72.3727,6,3452,85
72.4047,7,1910,-9
72.4366,8,2646,21
72.4686,9,1482,0
72.5008,10,2212,-11
72.5327,11,2837,6
72.5646,12,1152,105
72.5966,13,2046,7
72.6286,14,1731,232
72.6606,15,1669,17
72.6926,16,1838,24
72.7246,17,957,49
72.7566,18,2020,7
72.7885,19,1557,-67
72.8205,20,2030,99
72.8528,21,2047,-22
72.8853,22,1530,310
72.9165,23,2065,0
72.9485,24,1752,187
72.9805,25,1811,2
73.0289,3,287,-54
73.0605,4,3529,0
73.0925,5,2049,16
73.1245,6,3452,87
73.1565,7,1911,-12
73.1884,8,2646,25
73.2204,9,1481,2
73.2524,10,2210,-4
73.2844,11,2838,7
73.3164,12,1167,194
73.3484,13,2046,11
73.3804,14,1732,214
73.4124,15,1669,18
73.4443,16,1838,23
73.4763,17,957,47
73.5083,18,2020,8
73.5404,19,1557,-65
73.5723,20,2029,92
73.6047,21,2047,-23
73.6366,22,1536,238
73.6684,23,2065,0
73.7003,24,1753,177
73.7322,25,1811,1
73.7806,3,286,-50
73.8122,4,3529,0
73.8442,5,2049,16
73.8762,6,3452,87
73.9081,7,1910,-8
73.9402,8,2646,22
73.9722,9,1481,0
74.0042,10,2211,-7
74.0361,11,2838,6
74.0682,12,1169,176
74.1002,13,2046,8
74.1321,14,1753,252
74.1642,15,1669,19
74.1961,16,1838,25
74.2281,17,957,49
74.26,18,2020,7
74.292,19,1557,-67
74.324,20,2030,92
74.3562,21,2047,-23
74.3881,22,1536,237
74.42,23,2065,0
74.4519,24,1755,140
74.484,25,1811,3
74.5325,3,287,-50
74.5639,4,3529,0
74.596,5,2049,15
74.6279,6,3452,87
74.66,7,1910,-11
74.6919,8,2646,23
74.7239,9,1482,0
74.7559,10,2212,-9
74.7879,11,2838,6
74.8199,12,1174,129
74.8519,13,2046,9
74.8839,14,1753,254
74.9158,15,1669,16
74.9479,16,1839,21
74.9799,17,957,50
75.0118,18,2020,7
75.0438,19,1557,-62
75.0761,20,2029,96
75.108,21,2046,-22
75.1399,22,1549,360
75.1718,23,2065,0
75.2037,24,1757,134
75.2357,25,1811,2
75.2841,3,286,-50
75.3156,4,3529,0
75.3476,5,2049,14
75.3797,6,3452,85
75.4117,7,1911,-9
75.4437,8,2646,22
75.4757,9,1482,0
75.5076,10,2212,-10
75.5396,11,2837,8
75.5716,12,1174,129
75.6036,13,2046,8
75.6356,14,1754,251
75.6676,15,1669,18
75.6997,16,1839,27
75.7316,17,957,46
75.7636,18,2020,7
75.7957,19,1557,-63
75.8277,20,2030,96
75.8597,21,2047,-22
75.892,22,1553,319
75.9236,23,2065,0
75.9555,24,1776,194
75.9876,25,1811,0
76.0361,3,286,-49
76.0676,4,3529,0
76.0994,5,2049,14
76.1315,6,3452,87
76.1634,7,1910,-8
76.1956,8,2646,22
76.2275,9,1480,3
76.2594,10,2210,0
76.2914,11,2838,4
76.3234,12,1189,214
76.3554,13,2046,10
76.3873,14,1755,246
76.4193,15,1669,18
76.4513,16,1839,20
76.4833,17,-1,49
76.5473,18,2020,7
76.5792,19,1557,-66
76.6113,20,2030,93
76.6434,21,2046,-22
76.6754,22,1558,272
76.7072,23,2065,0
76.7392,24,1776,189
76.7712,25,1811,2
76.8194,3,286,-51
76.8512,4,3528,0
76.8831,5,2049,15
76.9152,6,3452,87
76.9472,7,1910,-8
76.9792,8,2646,23
77.0112,9,1481,0
77.0431,10,2211,-8
77.0751,11,2838,5
77.107,12,1192,183
77.1391,13,2046,9
77.171,14,1776,277
77.203,15,1669,17
77.235,16,1839,23
77.267,17,957,45
77.299,18,2020,6
77.331,19,1557,-63
77.3632,20,2030,90
77.3951,21,2047,-20
77.4271,22,1558,271
77.4589,23,2065,0
77.4909,24,1779,140
77.5229,25,1811,2
77.5713,3,287,-49
77.6029,4,3529,0
77.6349,5,2049,17
77.6668,6,3452,87
77.6988,7,1911,-9
77.7309,8,2646,20
77.7629,9,1482,0
77.7948,10,2212,-8
77.8269,11,2838,4
77.8588,12,1198,127
77.8907,13,2046,8
77.9228,14,1776,282
77.9548,15,1669,17
77.9867,16,1839,19
78.0187,17,957,48
78.0507,18,2020,7
78.0827,19,1557,-64
78.1149,20,2029,91
78.1472,21,2046,-19
78.1789,22,1576,344
78.2107,23,2065,0
78.2426,24,1782,117
78.2746,25,1811,2
78.3229,3,287,-50
78.3545,4,3528,0
78.3866,5,2049,16
78.4185,6,3452,85
78.4506,7,1910,-12
78.4825,8,2646,20
78.5145,9,1481,0
78.5465,10,2212,-10
78.5785,11,2838,8
78.6105,12,1198,137
78.6425,13,2046,9
78.6745,14,1777,264
78.7065,15,1669,17
78.7385,16,1838,25
78.7704,17,956,47
78.8023,18,2020,7
78.8345,19,1557,-41
78.8666,20,2030,91
78.8986,21,2046,-22
78.9306,22,1577,325
78.9624,23,2065,0
78.9944,24,1802,174
79.0264,25,1810,1
79.0747,3,286,-50
79.1063,4,3528,0
79.1383,5,2049,17
79.1703,6,3452,87
79.2023,7,1910,-11
79.2342,8,2646,21
79.2662,9,1480,4
79.2982,10,2210,0
79.3302,11,2837,5
79.3622,12,1214,206
79.3941,13,2046,3
79.4262,14,1779,256
79.4582,15,1669,18
79.4902,16,1839,20
79.5222,17,956,50
79.5542,18,2020,7
79.5862,19,1557,-64
79.6184,20,2030,90
79.6504,21,2046,-23
79.6824,22,1585,253
79.7142,23,2065,0
79.7462,24,1802,158
79.7782,25,1810,1
79.8266,3,286,-51
79.8581,4,3529,0
79.89,5,2049,16
79.922,6,3452,87
79.954,7,1910,-9
79.986,8,2646,21
80.018,9,1480,3
80.05,10,2211,-7
80.082,11,2838,5
80.1139,12,1219,167
80.1459,13,2046,9
80.178,14,1800,284
80.21,15,1669,17
80.2419,16,1839,19
80.2739,17,957,48
80.3059,18,2020,7
80.3378,19,1557,-66
80.37,20,2030,90
80.4022,21,2046,-24
80.4341,22,1585,254
80.4658,23,2065,0
80.4978,24,1805,146
80.5298,25,1810,4
80.5786,3,286,-48
80.6099,4,3529,0
80.6418,5,2049,17
80.6741,6,3452,87
80.706,7,1911,-10
80.7378,8,2646,22
80.7698,9,1481,0
80.8018,10,2212,-8
80.8338,11,2837,6
80.8658,12,1226,101
80.8979,13,2046,3
80.9297,14,1799,289
80.9618,15,1669,18
80.9937,16,1840,14
81.0257,17,957,44
81.0577,18,2020,8
81.0895,19,1557,-64
81.1218,20,2029,92
81.1539,21,2046,-22
81.1863,22,1606,325
81.2178,23,2065,0
81.2497,24,1807,115
81.2817,25,1811,4
81.3301,3,286,-50
81.3615,4,3529,0
81.3934,5,2049,16
81.4254,6,3452,86
81.4575,7,1910,-7
81.4894,8,2646,25
81.5214,9,1481,3
81.5727,10,2212,-7
81.6014,11,2837,4
81.6334,12,1226,101
81.6654,13,2046,9
81.6974,14,1801,273
81.7294,15,1669,17
81.7614,16,1839,23
81.7934,17,956,51
81.8253,18,2020,8
81.8573,19,1557,-65
81.8896,20,2030,98
81.9215,21,2046,-22
81.9535,22,1608,271
81.9853,23,2065,0
82.0173,24,1827,174
82.0492,25,1810,3
82.0977,3,286,-51
82.1293,4,3529,0
82.1613,5,2049,17
82.1932,6,3452,86
82.2253,7,1910,-13
82.2572,8,2646,22
82.2892,9,1480,5
82.3212,10,2211,-5
82.3532,11,2837,7
82.3852,12,1238,211
82.4172,13,2046,6
82.4491,14,1803,264
82.4811,15,1669,15
82.5132,16,1840,18
82.5451,17,957,49
82.5771,18,2020,7
82.609,19,1557,-64
82.6412,20,2030,95
82.6733,21,2047,-24
82.7053,22,1612,231
82.737,23,2065,0
82.769,24,1827,173
82.801,25,1811,6
82.8495,3,286,-49
82.8809,4,3529,0
82.9129,5,2049,15
82.9449,6,3452,84
82.9769,7,1910,-10
83.0089,8,2646,21
83.0409,9,1480,3
83.0729,10,2212,-10
83.1049,11,2837,3
83.1369,12,1244,158
83.1689,13,2046,8
83.2008,14,1825,294
83.2328,15,1669,17
83.2648,16,1839,19
83.2967,17,957,49
83.3287,18,2020,7
83.3608,19,1557,-66
83.3929,20,2030,91
83.425,21,2047,-21
83.4569,22,1611,230
83.4887,23,2065,0
83.5207,24,1831,130
83.5527,25,1811,3
83.6011,3,286,-48
83.6327,4,3529,0
83.6647,5,2049,16
83.6967,6,3452,86
83.7287,7,1910,-10
83.7607,8,2646,21
83.7926,9,1480,3
83.8247,10,2212,-11
83.8566,11,2838,4
83.8886,12,1249,111
83.9206,13,2046,6
83.9526,14,1823,294
83.9846,15,1669,17
84.0165,16,1840,17
84.0486,17,957,50
84.0806,18,2020,8
84.1125,19,1557,-66
84.1447,20,2030,93
84.1767,21,2046,-22
84.2086,22,1629,306
84.2404,23,2065,0
84.2724,24,1834,103
84.3044,25,1810,4
84.3528,3,287,-50
84.3844,4,3529,0
84.4164,5,2049,17
84.4484,6,3452,84
84.4804,7,1910,-10
84.5124,8,2646,21
84.5444,9,1480,1
84.5764,10,2212,-10
84.6084,11,2837,7
84.6403,12,1249,109
84.6723,13,2046,8
84.7043,14,1825,294
84.7363,15,1669,19
84.7683,16,1840,18
84.8003,17,957,45
84.8323,18,2020,7
84.8643,19,1557,-66
84.8966,20,2030,91
84.9285,21,2046,-21
84.9606,22,1632,269
84.9922,23,2065,0
85.0242,24,1853,156
85.0561,25,1810,4
85.1044,3,286,-49
85.1361,4,3529,0
85.1682,5,2049,17
85.2001,6,3452,85
85.232,7,1910,-10
85.264,8,2646,21
85.2959,9,1480,5
85.3279,10,2210,0
85.3599,11,2838,8
85.3919,12,1267,185
85.4239,13,2046,7
85.4559,14,1830,249
85.4879,15,1669,17
85.5198,16,1840,17
85.5518,17,956,50
85.5837,18,2020,7
85.6158,19,1557,-66
85.648,20,2030,89
85.6799,21,2047,-20
85.7119,22,1636,238
85.7437,23,2065,0
85.7757,24,1853,153
85.8076,25,1810,4
85.856,3,286,-49
85.8875,4,3528,0
85.9195,5,2049,16
85.9515,6,3452,85
85.9835,7,1910,-7
86.0155,8,2646,21
86.0475,9,1481,0
86.0794,10,2211,-7
86.1114,11,2838,3
86.1433,12,1272,135
86.1753,13,2046,8
86.2073,14,1853,253
86.2393,15,1669,14
86.2712,16,1839,23
86.3032,17,957,50
86.3354,18,2020,8
86.3673,19,1557,-65
86.3996,20,2030,91
86.4315,21,2046,-23
86.4635,22,1636,239
86.4951,23,2065,0
86.5272,24,1859,113
86.5592,25,1810,5
86.6074,3,287,-49
86.639,4,3529,0
86.671,5,2049,18
86.703,6,3452,85
86.735,7,1911,-9
86.7669,8,2646,22
86.7989,9,1480,1
86.8308,10,2212,-10
86.8628,11,2838,3
86.8948,12,1277,97
86.9268,13,2046,8
86.9588,14,1854,258
86.9907,15,1669,18
87.0228,16,1840,19
87.0547,17,957,48
87.0867,18,2020,8
87.1186,19,1558,-68
87.151,20,2030,95
87.183,21,2046,-21
87.2149,22,1655,295
87.2466,23,2065,0
87.2786,24,1861,82
87.3105,25,1810,4
87.4068,3,286,-50
87.4384,4,3529,0
87.4704,5,2049,17
87.5024,6,3451,87
87.5343,7,1911,-9
87.5664,8,2646,21
87.5983,9,1480,3
87.6302,10,2212,-11
87.6622,11,2838,4
87.6942,12,1277,97
87.7262,13,2046,8
87.7582,14,1855,233
87.7902,15,1669,18
87.8222,16,1840,22
87.8542,17,956,50
87.8861,18,2020,7
87.9181,19,1557,-68
87.9505,20,2030,91
87.9826,21,2047,-21
88.0142,22,1660,280
88.0461,23,2065,0
88.0781,24,1880,155
88.11,25,1810,5
88.1584,3,286,-50
88.19,4,3529,0
88.222,5,2049,16
88.254,6,3452,87
88.286,7,1910,-8
88.318,8,2646,24
88.35,9,1480,5
88.3819,10,2211,-10
88.414,11,2838,2
88.446,12,1292,202
88.4779,13,2046,9
88.5099,14,1858,210
88.5419,15,1669,19
88.5739,16,1840,21
88.6059,17,956,45
88.6379,18,2020,7
88.6699,19,1557,-66
88.7021,20,2030,88
88.7342,21,2046,-22
88.766,22,1663,236
88.7978,23,2065,0
88.8299,24,1880,159
88.8618,25,1810,5
88.9103,3,286,-49
88.9418,4,3528,0
88.9738,5,2049,18
89.0058,6,3452,86
89.0378,7,1910,-7
89.0698,8,2645,22
89.1017,9,1480,5
89.1337,10,2212,-11
89.1658,11,2838,1
89.1977,12,1297,149
89.2296,13,2046,8
89.2617,14,1877,284
89.2937,15,1669,17
89.3257,16,1839,24
89.3577,17,957,44
89.3896,18,2020,8
89.4216,19,1557,-67
89.4538,20,2030,89
89.486,21,2047,-19
89.5179,22,1663,238
89.5496,23,2065,0
89.5815,24,1882,117
89.6135,25,1810,7
89.6619,3,286,-50
89.6935,4,3528,0
89.7255,5,2049,17
89.7575,6,3452,86
89.7895,7,1910,-10
89.8215,8,2645,25
89.8535,9,1480,3
89.8854,10,2212,-10
89.9174,11,2838,3
89.9494,12,1302,99
89.9815,13,2046,8
90.0134,14,1878,304
90.0454,15,1669,13
90.0774,16,1839,22
90.1094,17,957,45
90.1414,18,2020,7
90.1734,19,1557,-64
90.2056,20,2029,91
90.2376,21,2047,-21
90.2695,22,1682,284
90.3014,23,2065,0
90.3332,24,1885,82
90.3652,25,1810,6
90.4136,3,286,-56
90.4452,4,3529,0
90.4772,5,2049,18
90.5092,6,3452,85
90.5412,7,1910,-7
90.5731,8,2646,21
90.6052,9,1480,5
90.6371,10,2212,-10
90.6691,11,2838,3
90.7011,12,1302,106
90.7331,13,2046,8
90.7652,14,1881,241
90.7971,15,1669,18
90.8291,16,1839,25
90.8611,17,956,51
90.8931,18,2020,7
90.925,19,1557,-68
90.9573,20,2030,90
90.9893,21,2046,-23
91.0212,22,1683,261
91.0529,23,2065,0
91.085,24,1906,131
91.1169,25,1810,2
91.1654,3,286,-48
91.197,4,3528,0
91.229,5,2049,17
91.2609,6,3452,85
91.2929,7,1910,-6
91.3248,8,2646,24
91.3569,9,1480,5
91.3889,10,2212,-11
91.4209,11,2838,3
91.4528,12,1318,177
91.4849,13,2046,7
91.5169,14,1884,212
91.5488,15,1669,20
91.5808,16,1839,21
91.6128,17,957,52
91.6448,18,2020,7
91.6768,19,1557,-68
91.709,20,2030,88
91.741,21,2046,-25
91.773,22,1690,198
91.8047,23,2065,0
91.8368,24,1907,121
91.8687,25,1810,6
91.9171,3,286,-49
91.9487,4,3529,0
91.9806,5,2049,17
92.0127,6,3452,86
92.0446,7,1910,-8
92.0766,8,2646,21
92.1087,9,1480,2
92.1407,10,2212,-8
92.1727,11,2839,0
92.2047,12,1323,125
92.2367,13,2046,9
92.2686,14,1906,231
92.3006,15,1669,20
92.3326,16,1839,25
92.3645,17,957,42
92.3967,18,2020,7
92.4286,19,1557,-69
92.4611,20,2030,92
92.4929,21,2047,-23
92.5253,22,1690,199
92.5567,23,2065,0
92.5888,24,1912,76
92.6206,25,1810,6
92.6692,3,287,-50
92.7006,4,3529,0
92.7325,5,2049,18
92.7645,6,3451,86
92.7965,7,1910,-9
92.8284,8,2646,22
92.8604,9,1480,5
92.8925,10,2213,-9
92.9244,11,2839,0
92.9564,12,1328,83
92.9883,13,2046,9
93.0204,14,1906,235
93.0524,15,1669,18
93.0843,16,1839,25
93.1164,17,957,42
93.1483,18,2020,7
93.1803,19,1557,-66
93.2576,20,2030,99
93.3201,21,2047,-23
93.3562,22,1710,258
93.3882,23,2064,0
93.4202,24,1914,55
93.4522,25,1811,5
93.5005,3,286,-52
93.5321,4,3528,0
93.5642,5,2049,17
93.5961,6,3452,88
93.6282,7,1910,-8
93.6601,8,2645,22
93.6922,9,1480,2
93.7241,10,2213,-8
93.7561,11,2838,2
93.7881,12,1328,83
93.82,13,2046,12
93.852,14,1907,201
93.884,15,1669,17
93.916,16,1839,25
93.948,17,956,50
93.98,18,2020,8
94.012,19,1557,-69
94.0441,20,2030,98
94.0762,21,2046,-22
94.1082,22,1712,226
94.1399,23,2065,0
94.1722,24,1933,105
94.2039,25,1810,4
94.2523,3,286,-50
94.2839,4,3529,0
94.3159,5,2049,17
94.3479,6,3452,89
94.3799,7,1910,-9
94.4119,8,2646,22
94.4439,9,1480,5
94.4759,10,2212,-7
94.5078,11,2838,2
94.5399,12,1345,163
94.5718,13,2046,9
94.6038,14,1911,194
94.6358,15,1669,19
94.6677,16,1839,25
94.6998,17,956,50
94.7317,18,2020,8
94.7637,19,1557,-69
94.7959,20,2030,91
94.8279,21,2046,-23
94.8599,22,1719,157
94.8916,23,2065,0
94.9235,24,1934,111
94.9555,25,1810,8
95.0039,3,286,-50
95.0354,4,3529,0
95.0675,5,2049,18
95.0994,6,3452,88
95.1313,7,1910,-8
95.1634,8,2646,22
95.1953,9,1480,5
95.2274,10,2212,-8
95.2593,11,2839,1
95.2913,12,1349,111
95.3233,13,2046,11
95.3553,14,1930,248
95.3872,15,1669,18
95.4192,16,1839,25
95.4511,17,957,50
95.4832,18,2020,8
95.5151,19,1557,-72
95.5472,20,2030,89
95.5793,21,2047,-23
95.6113,22,1719,156
95.6431,23,2064,0
95.675,24,1937,70
95.707,25,1810,7
95.7553,3,287,-53
95.7869,4,3529,0
95.8189,5,2049,17
95.8508,6,3452,87
95.8829,7,1910,-8
95.9148,8,2646,22
95.9469,9,1480,2
95.9788,10,2213,-11
96.0108,11,2839,1
96.0427,12,1354,73
96.0747,13,2046,9
96.1067,14,1931,237
96.1387,15,1669,20
96.1707,16,1839,26
96.2027,17,956,49
96.2346,18,2020,9
96.2665,19,1557,-69
96.2988,20,2029,95
96.3309,21,2047,-22
96.3627,22,1735,251
96.3945,23,2064,0
96.4265,24,1939,57
96.4584,25,1810,7
96.5068,3,286,-50
96.5384,4,3529,0
96.5704,5,2049,17
96.6023,6,3453,83
96.6343,7,1911,-7
96.6663,8,2646,25
96.6982,9,1480,5
96.7302,10,2213,-10
96.7622,11,2838,1
96.7942,12,1353,76
96.8262,13,2046,11
96.8582,14,1931,231
96.8902,15,1669,18
96.9222,16,1839,25
96.9542,17,957,52
96.9862,18,2020,7
97.0182,19,1557,-72
97.0504,20,2030,91
97.0824,21,2046,-24
97.1143,22,1741,191
97.1461,23,2065,0
97.1781,24,1960,96
97.2101,25,1810,4
97.2585,3,286,-54
97.2901,4,3529,0
97.3221,5,2049,17
97.354,6,3452,83
97.3861,7,1910,-8
97.4181,8,2646,23
97.45,9,1480,5
97.4821,10,2212,-8
97.514,11,2839,0
97.546,12,1370,162
97.578,13,2046,9
97.61,14,1935,210
97.642,15,1669,15
97.674,16,1839,24
97.7059,17,956,51
97.7379,18,2020,8
97.7699,19,1557,-74
97.802,20,2029,89
97.834,21,2046,-24
97.8661,22,1744,144
97.8979,23,2064,0
97.9298,24,1959,98
97.9618,25,1811,7
98.0102,3,286,-57
98.0418,4,3529,0
98.0738,5,2049,17
98.1057,6,3452,81
98.1377,7,1911,-12
98.1697,8,2646,24
98.2017,9,1480,5
98.2337,10,2213,-13
98.2657,11,2839,0
98.2976,12,1376,103
98.3296,13,2046,10
98.3616,14,1956,227
98.3936,15,1669,19
98.4256,16,1839,26
98.4577,17,957,50
98.4896,18,2020,8
98.5217,19,1557,-73
98.5538,20,2030,85
98.5858,21,2047,-23
98.6178,22,1744,149
98.6497,23,2065,0
98.6816,24,1964,66
98.7137,25,1810,7
98.762,3,286,-51
98.7935,4,3529,0
98.8257,5,2049,18
98.8575,6,3452,77
98.8895,7,1910,-9
98.9215,8,2646,23
98.9656,9,1480,4
99.0013,10,2213,-12
99.0334,11,2839,0
99.0654,12,1381,66
99.0974,13,2046,9
99.1294,14,1957,231
99.1613,15,1669,18
99.1933,16,1839,25
99.2253,17,957,49
99.2574,18,2020,8
99.2893,19,1557,-60
99.3215,20,2030,93
99.3537,21,2047,-22
99.3855,22,1762,246
99.4173,23,2065,0
99.4493,24,1965,49
99.4812,25,1810,5
99.5296,3,286,-51
99.5612,4,3528,0
99.5932,5,2049,18
99.6252,6,3453,83
99.6571,7,1910,-11
99.6892,8,2646,23
99.7212,9,1480,5
99.7532,10,2213,-8
99.7851,11,2839,0
99.8171,12,1381,67
99.8491,13,2046,11
99.8811,14,1959,204
99.9131,15,1669,21
99.9451,16,1838,29
99.9771,17,957,49
100.009,18,2020,7
100.041,19,1557,-74
100.073,20,2030,93
100.105,21,2046,-22
100.137,22,1765,200
100.169,23,2065,0
100.201,24,1985,94
100.233,25,1811,7
100.281,3,286,-50
100.313,4,3528,0
100.345,5,2049,17
100.377,6,3453,78
100.409,7,1910,-8
100.441,8,2646,23
100.473,9,1480,5
100.505,10,2212,-11
100.537,11,2839,0
100.569,12,1398,138
100.601,13,2046,9
100.633,14,1964,175
100.665,15,1669,19
100.697,16,1839,30
100.729,17,957,47
100.761,18,2020,8
100.793,19,1557,-73
100.825,20,2030,88
100.857,21,2047,-20
100.889,22,1771,136
100.921,23,2065,1
100.953,24,1985,93
100.985,25,1810,6
101.033,3,286,-51
101.065,4,3529,0
101.097,5,2049,17
101.129,6,3453,78
101.161,7,1910,-7
101.193,8,2646,23
101.225,9,1480,5
101.257,10,2213,-11
101.289,11,2839,1
101.321,12,1401,114
101.353,13,2046,7
101.385,14,1975,168
101.417,15,1669,16
101.449,16,1839,27
101.481,17,957,46
101.513,18,2020,8
101.545,19,1557,-79
101.577,20,2030,100
101.609,21,2046,-21
101.641,22,1770,146
101.672,23,2065,0
101.704,24,1988,66
101.736,25,1810,7
101.785,3,286,-50
101.816,4,3529,0
101.848,5,2049,18
101.88,6,3453,77
101.912,7,1910,-7
101.944,8,2645,23
101.976,9,1480,5
102.008,10,2212,-14
102.04,11,2839,0
102.072,12,1406,74
102.104,13,2046,8
102.136,14,1975,178
102.168,15,1669,20
102.2,16,1839,26
102.232,17,957,46
102.264,18,2020,8
102.296,19,1557,-80
102.328,20,2030,102
102.36,21,2046,-26
102.392,22,1791,196
102.424,23,2064,0
102.456,24,1992,43
102.488,25,1810,9
102.537,3,286,-51
102.568,4,3529,0
102.6,5,2049,18
102.632,6,3453,76
102.664,7,1910,-7
102.696,8,2645,23
102.728,9,1480,5
102.76,10,2212,-16
102.792,11,2839,0
102.824,12,1406,60
102.856,13,2046,6
102.888,14,1977,148
102.92,15,1669,19
102.952,16,1838,30
102.984,17,957,47
103.016,18,2020,8
103.048,19,1557,-79
103.08,20,2030,102
103.112,21,2046,-23
103.144,22,1793,163
103.176,23,2064,0
103.208,24,2010,91
103.24,25,1810,7
103.288,3,287,-50
103.32,4,3529,0
103.352,5,2049,18
103.384,6,3453,80
103.416,7,1910,-10
103.448,8,2646,23
103.48,9,1480,7
103.512,10,2213,-12
103.544,11,2839,0
103.576,12,1422,156
103.608,13,2046,10
103.64,14,1980,122
103.672,15,1669,19
103.704,16,1838,27
103.736,17,957,47
103.768,18,2020,8
103.8,19,1557,-76
103.832,20,2032,99
103.864,21,2047,-23
103.896,22,1796,132
103.928,23,2064,0
103.96,24,2010,92
103.992,25,1810,7
104.04,3,286,-53
104.072,4,3529,0
104.104,5,2049,18
104.136,6,3453,78
104.167,7,1910,-8
104.2,8,2646,23
104.231,9,1480,5
104.263,10,2212,-12
104.295,11,2839,1
104.328,12,1425,115
104.36,13,2046,8
104.392,14,1981,124
104.423,15,1669,20
104.455,16,1839,26
104.487,17,957,46
104.519,18,2020,7
104.583,19,1557,-73
104.616,20,2031,102
104.647,21,2047,-22
104.68,22,1815,216
104.711,23,2065,0
104.743,24,2016,47
104.775,25,1810,7
104.824,3,286,-51
104.855,4,3529,0
104.887,5,2049,17
104.919,6,3453,81
104.951,7,1910,-8
104.983,8,2646,23
105.015,9,1479,8
105.047,10,2213,-14
105.079,11,2839,1
105.111,12,1425,122
105.143,13,2046,11
105.175,14,1982,110
105.207,15,1669,17
105.239,16,1839,27
105.271,17,957,47
105.303,18,2020,9
105.335,19,1557,-60
105.368,20,2031,105
105.399,21,2046,-23
105.431,22,1815,205
105.463,23,2065,1
105.495,24,2022,71
105.527,25,1810,7
105.575,3,287,-50
105.607,4,3528,0
105.639,5,2049,18
105.671,6,3453,82
105.703,7,1910,-8
105.735,8,2645,23
105.767,9,1480,5
105.801,10,2212,-7
105.831,11,2839,0
105.863,12,1446,184
105.895,13,2046,10
105.927,14,1985,83
105.959,15,1669,20
105.991,16,1839,26
106.023,17,957,47
106.055,18,2020,8
106.087,19,1557,-80
106.119,20,2032,90
106.151,21,2047,-23
106.183,22,1818,165
106.215,23,2064,2
106.247,24,2021,71
106.279,25,1810,10
106.327,3,286,-49
106.359,4,3529,0
106.391,5,2049,18
106.423,6,3453,80
106.455,7,1910,-11
106.487,8,2645,23
106.519,9,1480,9
106.551,10,2212,-4
106.583,11,2839,1
106.615,12,1452,115
106.647,13,2046,11
106.679,14,1986,79
106.711,15,1669,19
106.743,16,1840,21
106.775,17,957,46
106.807,18,2020,7
106.838,19,1557,-83
106.871,20,2032,92
106.903,21,2046,-25
106.935,22,1841,197
106.967,23,2064,2
106.998,24,2028,28
107.03,25,1810,7
107.079,3,286,-48
107.11,4,3528,0
107.142,5,2049,17
107.174,6,3453,82
107.206,7,1910,-7
107.238,8,2646,24
107.27,9,1479,9
107.302,10,2212,-5
107.334,11,2841,0
107.366,12,1466,230
107.398,13,2046,11
107.43,14,1988,62
107.462,15,1669,18
107.494,16,1840,20
107.526,17,957,49
107.558,18,2020,8
107.59,19,1557,-79
107.622,20,2032,93
107.655,21,2046,-25
107.686,22,1845,147
107.718,23,2065,3
107.75,24,2028,28
107.782,25,1810,7
107.831,3,286,-49
107.862,4,3529,0
107.894,5,2049,18
107.926,6,3453,74
107.958,7,1910,-11
107.99,8,2645,23
108.022,9,1480,6
108.054,10,2212,-7
108.086,11,2839,0
108.118,12,1472,151
108.15,13,2046,11
108.182,14,1988,62
108.214,15,1669,19
108.246,16,1841,12
108.278,17,957,49
108.31,18,2020,8
108.342,19,1557,-75
108.374,20,2032,94
108.406,21,2046,-22
108.439,22,1864,233
108.47,23,2064,2
108.502,24,2031,14
108.534,25,1810,4
108.582,3,286,-49
108.614,4,3529,0
108.646,5,2049,18
108.678,6,3453,78
108.71,7,1911,-7
108.742,8,2646,23
108.774,9,1479,8
108.806,10,2209,0
108.838,11,2841,0
108.87,12,1490,221
108.902,13,2046,9
108.934,14,1989,41
108.966,15,1669,16
108.998,16,1841,6
109.03,17,957,46
109.062,18,2020,7
109.094,19,1557,-78
109.126,20,2032,92
109.158,21,2046,-25
109.19,22,1867,177
109.222,23,2064,2
109.254,24,2031,11
109.286,25,1810,4
109.334,3,286,-49
109.366,4,3528,0
109.398,5,2049,18
109.43,6,3453,72
109.462,7,1910,-9
109.494,8,2646,23
109.526,9,1480,12
109.558,10,2212,-7
109.59,11,2842,0
109.622,12,1498,154
109.654,13,2046,11
109.686,14,1990,42
109.718,15,1669,18
109.75,16,1842,4
109.782,17,957,48
109.814,18,2020,8
109.846,19,1557,-84
109.878,20,2032,92
109.91,21,2046,-23
109.942,22,1888,217
109.973,23,2064,2
110.005,24,2033,0
110.037,25,1811,2
110.086,3,286,-49
110.117,4,3529,0
110.149,5,2049,18
110.182,6,3453,72
110.213,7,1910,-9
110.245,8,2646,24
110.277,9,1479,10
110.309,10,2208,0
110.341,11,2842,0
110.373,12,1517,199
110.405,13,2046,11
110.437,14,1991,40
110.469,15,1670,13
110.501,16,1847,-4
110.533,17,957,45
110.566,18,2020,8
110.597,19,1557,-83
110.63,20,2032,92
110.662,21,2046,-22
110.694,22,1895,150
110.725,23,2064,0
110.757,24,2031,10
110.789,25,1810,4
110.853,3,286,-48
110.885,4,3529,0
110.917,5,2049,18
110.949,6,3454,69
110.981,7,1910,-12
111.013,8,2645,23
111.045,9,1480,8
111.077,10,2212,-7
111.109,11,2842,0
111.141,12,1523,156
111.173,13,2045,11
111.205,14,1991,40
111.237,15,1670,14
111.269,16,1847,-9
111.301,17,957,48
111.333,18,2020,8
111.365,19,1557,-83
111.397,20,2032,97
111.429,21,2046,-22
111.461,22,1917,196
111.493,23,2064,1
111.525,24,2036,-6
111.557,25,1811,2
111.605,3,286,-49
111.637,4,3529,0
111.669,5,2049,17
111.701,6,3453,70
111.733,7,1910,-8
111.765,8,2646,25
111.797,9,1479,11
111.829,10,2208,0
111.861,11,2843,0
111.893,12,1542,203
111.925,13,2046,9
111.957,14,1992,37
111.989,15,1670,12
112.021,16,1847,-7
112.053,17,958,46
112.085,18,2020,8
112.117,19,1557,-79
112.149,20,2032,93
112.181,21,2047,-21
112.213,22,1920,144
112.245,23,2064,2
112.277,24,2036,-3
112.309,25,1811,3
112.357,3,286,-49
112.389,4,3529,0
112.421,5,2049,17
112.453,6,3453,68
112.485,7,1910,-7
112.517,8,2646,26
112.549,9,1480,9
112.581,10,2210,0
112.613,11,2843,0
112.645,12,1548,143
112.676,13,2046,11
112.709,14,1992,33
112.74,15,1669,15
112.772,16,1847,-6
112.804,17,957,45
112.836,18,2020,7
112.868,19,1557,-86
112.901,20,2031,94
112.933,21,2046,-19
112.965,22,1944,163
112.996,23,2064,2
113.028,24,2036,-3
113.06,25,1815,-1
113.109,3,286,-50
113.14,4,3529,0
113.172,5,2049,16
113.204,6,3453,68
113.236,7,1910,-6
113.268,8,2646,24
113.3,9,1479,7
113.332,10,2206,5
113.364,11,2842,0
113.396,12,1571,161
113.428,13,2046,10
113.46,14,1992,29
113.492,15,1670,14
113.524,16,1847,-5
113.556,17,958,41
113.588,18,2020,6
113.62,19,1557,-86
113.652,20,2032,93
113.684,21,2047,-29
113.716,22,1948,119
113.748,23,2065,2
113.78,24,2036,-3
113.812,25,1815,0
113.86,3,286,-50
113.892,4,3528,0
113.924,5,2049,17
113.956,6,3454,69
113.988,7,1910,-6
114.02,8,2646,24
114.052,9,1479,6
114.084,10,2208,0
114.116,11,2843,0
114.148,12,1572,150
114.18,13,2046,10
114.212,14,1992,30
114.244,15,1670,14
114.276,16,1847,-5
114.308,17,958,41
114.34,18,2020,7
114.372,19,1557,-77
114.404,20,2032,94
114.436,21,2046,-23
114.468,22,1966,138
114.5,23,2064,2
114.532,24,2036,-4
114.564,25,1815,0
114.612,3,287,-47
114.644,4,3529,0
114.676,5,2049,19
114.708,6,3454,73
114.74,7,1911,-7
114.772,8,2646,23
114.804,9,1479,7
114.836,10,2205,13
114.868,11,2843,-1
114.9,12,1594,192
114.932,13,2046,10
114.964,14,1993,24
114.996,15,1670,13
115.028,16,1847,-6
115.06,17,957,40
115.092,18,2020,7
115.124,19,1557,-84
115.156,20,2032,93
115.188,21,2047,-27
115.22,22,1969,115
115.251,23,2064,2
115.284,24,2036,-4
115.315,25,1816,0
115.364,3,286,-48
115.395,4,3528,0
115.427,5,2049,15
115.459,6,3454,82
115.492,7,1910,-9
115.524,8,2646,26
115.556,9,1480,8
115.587,10,2204,20
115.619,11,2843,0
115.652,12,1618,199
115.684,13,2046,12
115.716,14,1996,10
115.747,15,1670,13
115.779,16,1847,-3
115.811,17,958,31
115.843,18,2020,5
115.875,19,1557,-83
115.908,20,2035,62
115.94,21,2047,-25
115.972,22,1971,80
116.003,23,2064,1
116.035,24,2036,-7
116.067,25,1815,0
116.116,3,285,-46
116.147,4,3529,0
116.179,5,2049,9
116.211,6,3454,75
116.243,7,1910,-12
116.275,8,2646,27
116.307,9,1480,6
116.339,10,2202,30
116.371,11,2843,-1
116.403,12,1643,205
116.435,13,2046,11
116.467,14,1999,-1
116.499,15,1670,13
116.532,16,1847,-4
116.563,17,959,33
116.595,18,2020,6
116.627,19,1557,-81
116.659,20,2040,35
116.692,21,2047,-27
116.724,22,1974,71
116.755,23,2065,1
116.787,24,2036,-5
116.819,25,1815,0
116.868,3,285,-40
116.899,4,3528,0
116.931,5,2050,9
116.964,6,3454,74
117.011,7,1910,-7
117.043,8,2646,24
117.075,9,1480,5
117.107,10,2202,30
117.139,11,2843,-1
117.171,12,1646,226
117.203,13,2046,11
117.235,14,1999,0
117.267,15,1670,13
117.299,16,1847,-4
117.331,17,959,38
117.363,18,2020,5
117.395,19,1557,-84
117.427,20,2040,33
117.459,21,2047,-27
117.491,22,1973,77
117.523,23,2065,2
117.555,24,2036,-6
117.587,25,1815,0
117.667,3,285,-40
117.699,4,3528,0
117.731,5,2050,11
117.763,6,3454,75
117.795,7,1911,-8
117.827,8,2646,26
117.859,9,1480,5
117.891,10,2202,30
117.923,11,2843,-1
117.955,12,1647,220
117.987,13,2046,10
118.019,14,1999,-1
118.051,15,1692,12
118.083,16,1847,-3
118.115,17,959,40
118.147,18,2020,6
118.179,19,1557,-82
118.211,20,2041,32
118.243,21,2047,-26
118.275,22,1974,73
118.307,23,2064,1
118.338,24,2036,-4
118.371,25,1815,0
118.419,3,285,-41
118.45,4,3529,0
118.482,5,2051,8
118.514,6,3454,73
118.546,7,1910,-7
118.578,8,2646,24
118.61,9,1480,5
118.642,10,2202,30
118.674,11,2843,0
118.706,12,1647,219
118.738,13,2046,10
118.77,14,1999,0
118.802,15,1692,13
118.834,16,1847,-2
118.866,17,959,39
118.898,18,2020,6
118.93,19,1558,-78
118.962,20,2041,34
118.994,21,2047,-28
119.026,22,1974,78
119.058,23,2065,2
119.09,24,2036,-5
119.122,25,1839,0
119.17,3,285,-41
119.202,4,3529,0
119.234,5,2050,7
119.266,6,3454,75
119.298,7,1910,-8
119.33,8,2646,23
119.362,9,1480,6
119.394,10,2202,30
119.426,11,2843,0
119.458,12,1647,220
119.49,13,2046,10
119.522,14,1999,0
119.554,15,1717,9
119.586,16,1847,-4
119.618,17,959,40
119.65,18,2020,6
119.682,19,1557,-78
119.714,20,2041,35
119.746,21,2047,-25
119.778,22,1974,72
119.81,23,2065,1
119.842,24,2036,-5
119.874,25,1839,0
119.922,3,286,-41
119.954,4,3529,0
119.986,5,2051,9
120.018,6,3454,74
120.05,7,1910,-11
120.082,8,2646,23
120.114,9,1480,5
120.146,10,2202,30
120.178,11,2843,0
120.21,12,1647,221
120.242,13,2046,11
120.274,14,1999,0
120.306,15,1717,9
120.338,16,1847,-2
120.37,17,959,40
120.402,18,2020,6
120.434,19,1557,-62
120.466,20,2041,33
120.498,21,2047,-24
120.53,22,1973,72
120.562,23,2065,0
120.594,24,2036,-4
120.626,25,1863,5
120.674,3,285,-42
120.706,4,3529,0
120.738,5,2051,7
120.77,6,3454,73
120.802,7,1910,-6
120.834,8,2646,25
120.866,9,1480,6
120.898,10,2202,29
120.93,11,2843,0
120.962,12,1647,221
120.994,13,2046,10
121.026,14,1999,-1
121.058,15,1742,10
121.09,16,1847,-2
121.122,17,959,39
121.154,18,2020,6
121.186,19,1557,-52
121.218,20,2041,31
121.25,21,2047,-26
121.282,22,1974,72
121.314,23,2064,1
121.345,24,2036,-5
121.377,25,1863,4
121.426,3,286,-42
121.457,4,3528,0
121.489,5,2050,7
121.521,6,3454,73
121.553,7,1911,-7
121.585,8,2646,24
121.617,9,1480,6
121.649,10,2202,30
121.681,11,2843,0
121.713,12,1647,220
121.745,13,2046,10
121.777,14,1999,0
121.809,15,1742,9
121.841,16,1847,-2
121.873,17,959,40
121.905,18,2020,6
121.937,19,1557,-86
121.97,20,2041,31
122.002,21,2047,-26
122.034,22,1974,72
122.067,23,2065,0
122.115,24,2036,-4
122.145,25,1887,9
122.193,3,285,-45
122.225,4,3529,0
122.257,5,2051,7
122.289,6,3454,76
122.321,7,1910,-7
122.353,8,2646,23
122.385,9,1480,6
122.417,10,2202,31
122.449,11,2843,0
122.481,12,1647,219
122.513,13,2046,11
122.545,14,1999,-1
122.577,15,1767,11
122.609,16,1847,-1
122.641,17,959,39
122.673,18,2020,6
122.705,19,1557,-64
122.737,20,2041,28
122.769,21,2047,-26
122.801,22,1974,73
122.833,23,2065,2
122.865,24,2036,-4
122.897,25,1888,6
122.945,3,285,-42
122.977,4,3529,0
123.009,5,2051,8
123.041,6,3454,74
123.073,7,1910,-5
123.105,8,2646,24
123.137,9,1480,5
123.169,10,2202,31
123.201,11,2843,0
123.233,12,1647,220
123.265,13,2046,10
123.297,14,1999,-1
123.329,15,1767,11
123.361,16,1846,-1
123.393,17,959,40
123.425,18,2020,5
123.457,19,1557,-81
123.489,20,2041,27
123.521,21,2046,-25
123.553,22,1974,62
123.585,23,2065,0
123.617,24,2036,-4
123.649,25,1911,17
123.697,3,286,-41
123.729,4,3529,0
123.761,5,2051,9
123.792,6,3454,75
123.824,7,1910,-5
123.857,8,2646,26
123.888,9,1480,6
123.92,10,2202,32
123.952,11,2843,0
123.984,12,1651,177
124.016,13,2046,10
124.048,14,1998,0
124.08,15,1789,24
124.112,16,1846,0
124.144,17,959,39
124.176,18,2020,5
124.208,19,1557,-68
124.24,20,2042,18
124.272,21,2046,-27
124.305,22,1974,58
124.336,23,2064,0
124.368,24,2036,-4
124.4,25,1912,13
124.449,3,285,-42
124.48,4,3528,0
124.512,5,2050,6
124.544,6,3454,74
124.576,7,1910,-8
124.608,8,2646,28
124.64,9,1480,5
124.672,10,2202,31
124.704,11,2843,0
124.736,12,1651,178
124.768,13,2046,11
124.8,14,1999,0
124.832,15,1790,25
124.864,16,1842,3
124.896,17,959,39
124.928,18,2020,5
124.96,19,1557,-69
124.992,20,2043,18
125.024,21,2047,-27
125.057,22,1974,54
125.088,23,2065,0
125.12,24,2036,-4
125.152,25,1934,24
125.2,3,285,-42
125.232,4,3529,0
125.264,5,2051,7
125.296,6,3454,74
125.328,7,1910,-8
125.36,8,2646,24
125.392,9,1480,5
125.424,10,2202,31
125.456,11,2843,0
125.488,12,1650,173
125.52,13,2046,10
125.552,14,1997,0
125.584,15,1813,35
125.616,16,1842,5
125.648,17,959,40
125.68,18,2020,7
125.712,19,1557,-82
125.744,20,2043,19
125.776,21,2047,-26
125.808,22,1975,58
125.84,23,2064,0
125.872,24,2036,-4
125.904,25,1936,17
125.952,3,286,-42
125.984,4,3528,0
126.016,5,2051,6
126.048,6,3454,75
126.08,7,1910,-9
126.112,8,2646,24
126.144,9,1480,6
126.176,10,2202,29
126.208,11,2843,0
126.24,12,1651,174
126.272,13,2046,10
126.304,14,1998,-1
126.336,15,1814,27
126.368,16,1841,11
126.4,17,959,37
126.432,18,2020,6
126.464,19,1557,-59
126.496,20,2043,17
126.528,21,2047,-27
126.56,22,1975,56
126.592,23,2065,1
126.623,24,2036,-4
126.656,25,1958,24
126.704,3,285,-42
126.736,4,3529,0
126.768,5,2051,6
126.799,6,3454,73
126.832,7,1910,-12
126.864,8,2645,24
126.895,9,1480,5
126.927,10,2202,28
126.959,11,2843,0
126.992,12,1652,152
127.023,13,2046,10
127.055,14,1997,0
127.087,15,1836,43
127.119,16,1841,11
127.151,17,959,39
127.183,18,2020,6
127.215,19,1557,-61
127.248,20,2044,15
127.28,21,2047,-24
127.311,22,1975,56
127.343,23,2065,1
127.375,24,2036,-4
127.407,25,1959,20
127.456,3,285,-40
127.487,4,3529,0
127.519,5,2051,7
127.551,6,3454,73
127.584,7,1910,-8
127.633,8,2646,24
127.663,9,1480,4
127.695,10,2203,26
127.727,11,2843,0
127.759,12,1652,153
127.791,13,2045,10
127.823,14,1998,0
127.855,15,1838,37
127.887,16,1841,14
127.919,17,959,35
127.951,18,2020,6
127.983,19,1557,-62
128.015,20,2044,13
128.047,21,2047,-27
128.079,22,1976,51
128.111,23,2064,0
128.143,24,2036,-4
128.175,25,1983,31
128.223,3,285,-44
128.255,4,3529,0
128.287,5,2051,5
128.319,6,3454,72
128.351,7,1910,-8
128.383,8,2646,27
128.415,9,1480,5
128.447,10,2203,29
128.479,11,2843,0
128.511,12,1654,143
128.543,13,2046,11
128.575,14,1996,0
128.607,15,1859,56
128.639,16,1841,13
128.671,17,959,33
128.703,18,2020,5
128.735,19,1557,-57
128.767,20,2044,11
128.799,21,2047,-26
128.831,22,1976,51
128.863,23,2065,1
128.895,24,2036,-4
128.927,25,1983,26
128.975,3,285,-41
129.007,4,3529,0
129.039,5,2051,7
129.071,6,3454,73
129.103,7,1910,-10
129.135,8,2646,24
129.167,9,1480,5
129.199,10,2203,23
129.231,11,2843,0
129.263,12,1654,130
129.295,13,2046,11
129.327,14,1997,0
129.359,15,1861,53
129.391,16,1841,17
129.423,17,959,38
129.455,18,2020,5
129.486,19,1557,-61
129.519,20,2044,11
129.551,21,2046,-26
129.583,22,1977,45
129.614,23,2064,0
129.646,24,2034,0
129.678,25,2007,50
129.727,3,286,-42
129.758,4,3529,0
129.79,5,2051,6
129.822,6,3454,74
129.854,7,1910,-9
129.886,8,2645,23
129.918,9,1480,5
129.95,10,2203,23
129.982,11,2843,0
130.014,12,1658,106
130.046,13,2046,14
130.078,14,1995,10
130.11,15,1885,52
130.142,16,1840,17
130.174,17,960,33
130.206,18,2020,5
130.238,19,1557,-55
130.27,20,2047,0
130.302,21,2046,-26
130.334,22,1977,45
130.366,23,2065,0
130.398,24,2036,-4
130.43,25,2007,35
130.478,3,285,-40
130.51,4,3529,0
130.542,5,2051,5
130.574,6,3454,75
130.606,7,1910,-10
130.638,8,2646,24
130.67,9,1480,6
130.702,10,2203,22
130.734,11,2843,0
130.766,12,1658,102
130.798,13,2046,11
130.83,14,1996,2
130.862,15,1885,51
130.894,16,1840,17
130.926,17,960,34
130.958,18,2020,5
130.99,19,1557,-55
131.022,20,2047,0
131.054,21,2046,-26
131.086,22,1977,44
131.118,23,2064,1
131.15,24,2036,-2
131.182,25,2015,41
131.262,3,285,-40
131.294,4,3529,0
131.326,5,2051,5
131.358,6,3454,76
131.39,7,1910,-8
131.422,8,2645,23
131.454,9,1480,5
131.486,10,2203,23
131.518,11,2843,0
131.55,12,1658,101
131.582,13,2046,11
131.614,14,1996,3
131.646,15,1889,59
131.678,16,1840,17
131.71,17,960,35
131.742,18,2020,5
131.774,19,1558,-57
131.806,20,2047,0
131.838,21,2046,-26
131.87,22,1977,44
131.902,23,2065,0
131.934,24,2036,-1
131.966,25,2015,38
